100
64 1 1 1 1 1 0 0 0 0 1 1 1 1 1 1 0 0 0 1 1 0 1 0 0 1 0 1 0 0 0 0 1 1 0 1 0 1 1 1 0 1 0 1 0 1 0 0 1 1 1 1 1 0 0 0 0 0 1 0 0 0 1 0 0
70 1 0 0 0 1 0 0 0 1 0 0 0 1 1 0 1 0 1 1 0 1 1 0 0 0 0 1 1 0 0 0 1 1 0 0 0 1 1 0 0 1 0 1 1 0 0 0 1 1 0 0 1 0 0 0 0 1 1 1 1 0 1 0 0 0 1 0 0 0 1
67 1 0 0 1 1 1 1 1 0 1 0 0 0 1 1 1 0 0 0 1 1 0 1 1 1 0 1 1 1 0 0 0 0 1 0 0 0 1 0 0 1 1 1 1 1 0 0 1 0 1 0 0 0 0 0 0 1 1 0 1 1 1 0 1 0 1 0
52 0 1 0 0 1 0 0 0 1 0 0 1 1 0 0 0 1 1 1 0 1 0 0 0 1 0 0 0 1 0 1 0 1 1 1 0 1 0 0 0 0 0 0 0 0 1 0 0 1 1 1 1
71 0 0 1 0 1 0 0 0 0 0 0 1 1 1 0 1 0 0 1 1 0 0 1 1 1 1 1 0 0 0 1 1 1 0 0 1 0 0 1 1 0 1 1 1 0 1 1 0 1 1 1 1 0 1 1 0 1 0 0 0 0 1 0 1 0 1 0 1 0 0 1
64 1 1 1 0 1 0 1 1 1 1 0 0 1 0 1 0 0 1 1 0 1 1 0 1 1 0 1 0 1 0 0 1 1 1 0 1 0 1 0 0 0 1 1 1 0 0 1 1 0 0 0 1 1 1 0 0 0 1 1 1 0 0 0 0
73 0 0 1 0 0 1 0 0 1 0 1 1 1 0 1 0 0 0 0 0 0 1 1 0 1 1 1 1 1 0 0 1 0 0 0 0 1 0 1 0 1 1 1 1 0 0 0 1 0 1 1 0 1 0 1 0 1 1 0 1 1 1 1 0 0 0 0 1 1 1 1 0 0
82 0 0 0 1 0 0 1 1 0 0 0 1 0 0 0 0 1 1 0 1 0 1 0 0 0 0 0 1 0 0 0 1 0 0 1 0 1 0 0 1 1 0 0 0 1 1 0 1 0 0 1 0 0 0 0 1 0 1 1 1 0 0 1 1 1 0 1 1 1 0 0 0 0 1 1 1 1 0 1 0 0 0
63 1 1 0 0 1 1 0 0 0 0 0 1 1 1 0 1 1 0 1 0 0 1 0 1 0 1 0 0 0 1 1 0 1 0 0 0 1 0 0 0 0 0 0 0 1 0 1 0 1 1 0 0 1 0 0 0 1 0 1 1 0 1 1
85 0 0 1 1 0 1 0 0 0 0 1 1 1 1 0 0 0 1 0 0 0 1 1 1 1 0 1 1 0 0 1 1 0 1 1 1 1 1 0 1 0 1 1 0 1 0 1 0 0 1 1 0 0 1 1 1 1 0 1 0 1 1 0 0 0 0 1 0 1 0 0 1 1 0 0 0 0 0 0 1 0 0 1 1 1
79 0 0 1 0 0 1 0 0 0 0 1 1 1 1 1 0 0 0 0 0 0 0 0 0 1 0 0 1 0 1 1 0 0 1 1 1 0 0 1 1 1 0 1 0 1 0 1 1 0 1 1 0 0 0 0 1 0 0 1 1 1 0 0 0 1 1 0 1 1 0 0 1 1 0 1 1 1 1 0
81 0 1 1 1 0 0 0 0 0 0 1 0 0 1 0 1 0 0 1 1 0 0 0 1 0 1 0 1 0 1 1 0 1 1 1 1 0 0 1 1 0 0 0 0 1 1 0 1 1 0 1 0 1 1 1 1 0 0 0 1 1 0 0 1 0 0 1 1 1 0 0 1 0 1 0 0 1 1 1 1 0
86 0 1 1 1 1 0 0 1 0 0 1 1 1 1 0 1 1 0 1 1 1 1 0 1 1 0 1 1 0 1 1 1 1 0 1 0 1 1 1 0 1 0 1 1 0 0 1 0 1 1 0 0 1 1 0 0 1 1 1 1 0 0 1 0 1 0 0 1 0 1 1 1 0 1 1 0 0 0 1 0 1 1 0 0 0 1
81 0 1 1 0 1 0 1 1 1 1 1 0 0 1 0 1 0 1 1 1 1 0 0 0 1 0 0 1 0 1 0 0 0 1 1 1 0 1 1 0 1 1 1 1 1 0 0 1 0 0 1 0 0 0 1 0 0 1 1 0 0 1 1 1 0 1 0 1 1 0 0 1 0 0 1 1 0 1 0 1 1
83 1 0 1 1 0 0 1 0 1 0 1 1 1 1 0 0 1 1 0 1 0 0 0 1 0 0 0 0 1 1 0 1 0 0 1 1 0 1 0 1 0 0 1 1 0 1 1 1 1 0 1 1 0 1 0 0 0 0 0 1 1 0 1 1 0 0 0 0 1 1 0 1 0 1 0 0 1 0 1 1 1 1 0
72 1 1 0 1 0 0 0 0 1 1 0 1 1 1 1 1 1 1 0 1 0 0 1 0 1 1 1 1 0 1 0 0 0 0 1 1 1 1 0 1 1 1 0 1 0 0 0 0 1 1 0 1 1 1 1 1 0 0 0 1 1 0 1 1 0 1 1 1 1 1 0 1
92 0 0 1 0 1 1 1 1 1 0 1 0 0 1 1 1 0 1 0 1 1 1 1 0 1 0 1 0 0 1 1 0 1 0 1 0 0 0 1 0 1 0 1 1 0 0 0 1 0 0 1 0 0 1 0 0 0 0 0 0 1 0 1 0 0 1 1 0 1 1 0 1 0 1 1 0 1 0 1 0 1 1 0 0 1 1 0 0 1 0 0 0
70 1 1 0 0 0 1 0 0 1 1 0 1 0 0 1 0 0 0 0 1 1 1 0 1 1 0 0 1 1 1 1 0 1 1 1 1 1 0 0 1 0 1 0 1 1 0 0 0 1 0 0 0 1 0 0 0 1 0 0 1 0 0 0 0 0 1 0 1 0 1
67 0 1 0 1 1 1 1 1 1 1 0 0 0 0 1 0 0 1 1 1 1 1 1 1 1 0 1 1 1 0 1 0 1 0 1 1 1 0 1 0 1 1 1 1 0 0 1 1 1 0 0 0 1 0 0 1 0 1 1 1 0 0 1 0 0 0 1
60 1 0 1 0 1 1 1 0 0 0 0 0 1 1 1 1 0 1 1 1 1 0 1 1 1 0 0 1 1 1 0 1 0 1 0 0 1 0 1 0 0 0 0 1 0 0 1 0 1 1 1 1 0 0 0 1 1 1 1 0
78 1 1 0 1 1 1 0 1 0 0 0 1 1 0 0 0 1 0 1 0 1 1 1 1 0 0 1 0 1 0 0 0 0 0 1 0 1 1 1 1 1 0 1 0 1 0 1 1 0 0 1 1 0 1 0 0 0 0 0 0 0 0 0 1 0 1 1 0 1 1 1 1 1 0 0 0 1 0
96 1 1 1 1 1 1 0 0 1 1 0 1 0 1 0 0 1 0 1 0 0 0 1 0 1 1 0 0 1 1 1 1 1 1 1 0 1 0 0 1 1 1 0 0 1 0 0 0 1 1 0 1 1 1 0 1 1 0 0 0 0 1 0 1 1 1 1 1 0 0 1 0 0 0 1 1 1 0 0 1 0 0 0 0 0 1 1 0 0 1 0 0 1 1 0 1
56 1 0 1 0 1 1 0 0 1 0 0 1 0 0 0 1 0 0 1 1 1 1 1 1 1 1 1 1 1 1 0 0 0 1 1 1 0 0 0 1 0 1 0 1 1 1 0 1 1 1 1 1 0 0 1 1
89 1 1 0 0 0 0 1 0 0 1 0 1 1 1 1 1 1 1 1 1 0 0 0 1 0 1 0 1 0 0 0 1 1 0 1 0 1 0 1 1 1 0 0 1 1 0 1 1 0 1 1 1 0 0 0 0 1 0 0 0 0 0 1 1 0 1 1 1 1 0 1 1 0 0 1 0 1 1 1 1 0 1 1 1 0 1 0 1 0
59 0 1 0 1 1 1 1 1 0 0 0 1 0 0 1 1 0 0 1 1 1 1 0 1 0 0 0 1 0 0 1 1 1 1 1 0 0 0 0 1 1 0 1 1 1 1 1 1 0 1 1 0 1 0 1 1 1 1 0
91 1 1 1 1 0 0 1 0 1 1 0 0 0 1 0 0 0 0 0 0 0 1 1 1 0 0 1 0 1 1 0 1 0 0 1 1 1 0 0 1 1 1 0 0 0 0 0 0 1 0 0 1 0 0 0 0 0 0 0 0 1 0 1 1 1 0 1 1 0 1 0 1 0 0 0 0 1 0 0 0 1 1 0 0 0 1 0 1 0 1 0
51 0 1 0 1 0 1 1 1 1 0 0 1 1 1 1 1 1 0 1 0 0 1 0 0 0 1 1 0 0 1 0 1 1 1 0 1 1 1 0 0 0 0 0 1 0 0 0 0 0 1 1
51 1 1 0 0 0 1 1 0 1 1 1 1 1 1 0 0 1 0 1 1 1 1 0 0 0 0 0 0 1 1 0 1 0 0 0 0 1 0 1 0 1 0 1 1 1 1 0 1 1 1 1
57 0 0 0 0 0 0 1 0 1 0 0 1 0 1 0 0 1 1 1 0 0 0 1 0 1 1 0 0 1 1 1 0 1 0 1 1 0 0 0 1 0 0 1 1 0 0 1 1 1 0 0 1 1 1 0 1 0
70 0 0 0 0 1 0 1 0 0 1 1 0 0 0 1 1 1 0 0 1 1 1 0 1 0 0 1 1 0 1 1 0 0 1 0 0 0 0 1 0 0 0 0 1 0 1 0 1 0 1 1 1 0 1 0 1 1 1 1 1 0 0 1 0 1 0 0 1 0 0
52 1 0 0 0 0 1 1 0 1 0 0 1 1 0 1 0 0 1 0 1 0 0 0 1 0 1 1 1 1 1 1 1 1 0 1 0 0 1 0 1 0 0 1 1 0 0 1 1 0 1 0 0
83 0 1 1 1 0 0 0 1 0 1 1 1 0 1 1 1 1 1 0 1 1 0 1 0 0 0 1 1 0 0 0 0 1 1 0 1 0 0 1 0 0 0 1 0 0 0 0 1 0 1 0 1 0 0 1 1 0 1 1 1 0 0 1 1 0 0 1 1 0 0 0 0 0 1 1 0 1 1 0 0 0 1 0
81 0 0 0 1 0 1 1 0 0 0 1 1 0 0 0 1 1 1 1 0 1 0 1 1 1 1 1 1 1 0 1 0 0 0 1 1 0 1 1 1 0 1 0 0 0 1 1 1 1 0 0 1 1 0 0 0 0 0 0 1 0 0 0 1 1 0 1 1 0 0 0 0 0 1 1 0 0 1 0 1 0
51 0 0 0 0 1 1 1 0 1 1 0 1 0 1 0 0 1 1 0 0 1 0 1 1 0 0 0 1 0 1 1 1 1 0 1 1 1 0 0 0 1 0 1 1 0 0 1 0 0 1 0
68 0 0 1 1 1 0 1 0 1 0 1 1 0 1 0 0 0 1 1 1 0 0 0 1 1 1 0 1 1 1 0 0 1 1 1 1 1 1 0 0 0 0 1 0 0 1 0 0 1 1 1 1 1 1 1 0 0 0 0 1 0 0 1 0 1 1 1 1
97 1 1 0 1 1 0 0 0 1 0 1 0 0 0 0 1 0 0 1 1 0 1 0 1 0 0 0 0 1 0 1 1 1 0 0 1 1 0 0 1 1 0 0 1 1 0 1 0 0 0 1 0 0 1 0 0 0 0 0 0 0 0 0 0 0 0 0 0 0 1 0 1 1 1 1 0 0 0 0 1 1 0 1 1 0 0 0 1 1 0 1 1 0 1 0 0 1
87 0 1 1 0 1 1 1 1 0 0 0 1 1 0 0 0 1 1 1 1 1 1 0 0 0 0 1 0 0 1 1 0 1 0 0 0 0 0 1 0 1 0 0 0 1 0 0 0 1 0 1 0 0 0 1 1 0 1 1 0 1 0 1 1 0 1 1 1 0 0 0 1 1 1 0 0 1 0 0 0 0 0 0 1 1 1 1
99 0 1 1 1 1 1 1 1 0 1 0 0 0 1 1 1 1 1 0 0 0 1 1 0 1 1 1 0 0 0 1 0 1 0 0 1 1 0 1 1 0 1 0 0 0 0 1 0 1 1 1 0 1 1 1 1 1 0 1 0 0 0 0 0 1 0 0 1 1 1 1 0 0 1 0 0 0 0 0 0 0 0 0 0 1 0 1 1 1 0 0 0 1 1 1 1 1 0 0
69 1 1 0 0 0 1 0 0 0 1 0 0 0 0 0 1 1 0 0 0 1 1 1 1 1 1 1 0 0 1 1 1 0 1 1 1 0 1 0 1 0 0 1 0 0 1 0 1 1 1 0 1 1 1 1 1 1 1 1 0 1 1 1 0 0 0 1 1 1
72 0 1 1 0 1 1 0 0 0 1 0 1 0 1 0 0 0 0 1 0 0 1 0 1 0 0 0 0 0 1 0 1 0 0 1 1 0 0 1 0 0 1 1 1 0 1 0 1 0 1 0 1 1 1 1 0 1 1 0 0 0 1 0 1 0 0 0 0 1 1 0 0
96 0 0 0 1 0 1 0 0 0 1 1 1 0 0 0 0 1 0 0 0 1 0 0 1 0 0 0 0 0 0 0 1 1 1 0 1 0 1 1 0 0 1 1 1 1 0 0 0 0 0 1 1 0 1 1 0 0 0 1 0 0 1 1 0 0 0 0 0 1 0 1 0 0 1 0 1 1 0 0 0 0 1 0 1 1 0 1 1 1 1 0 0 0 0 0 1
85 0 0 0 0 1 0 0 0 1 0 0 1 0 1 0 0 1 1 0 0 0 1 0 1 0 1 0 1 1 1 0 0 1 1 1 0 0 1 0 1 0 0 1 1 0 1 1 0 1 1 0 0 0 1 1 0 0 1 0 1 1 0 0 0 1 0 1 1 1 0 1 1 0 1 0 1 0 1 0 1 0 0 1 1 1
71 0 0 0 0 0 0 0 1 0 0 1 0 1 0 1 1 0 1 1 1 1 1 1 0 0 1 1 1 1 1 1 0 1 1 1 1 1 0 0 1 1 0 0 0 0 0 1 0 1 1 0 0 0 1 1 1 0 1 1 0 0 0 1 0 0 1 0 1 0 0 0
73 1 0 1 0 1 1 1 0 0 1 0 1 0 1 1 1 1 1 1 1 0 1 1 1 0 1 0 0 1 0 1 0 1 0 0 1 1 1 0 1 1 0 0 0 1 0 0 0 1 1 1 1 1 1 1 1 0 1 0 1 0 1 1 0 1 0 1 1 1 1 1 1 1
50 1 1 0 1 0 0 1 0 0 1 1 0 1 0 1 0 0 1 0 0 0 0 1 0 0 1 1 0 1 0 1 1 0 0 0 0 1 0 0 0 1 0 1 0 1 1 1 0 1 1
56 0 0 0 1 0 0 1 0 0 0 1 0 1 1 1 1 1 1 1 1 1 0 1 0 1 1 0 0 1 0 0 0 0 1 0 0 0 0 0 1 1 1 1 0 0 1 1 0 1 0 1 0 1 1 1 1
51 0 0 0 0 0 0 0 1 0 1 0 0 1 1 0 1 0 1 0 0 1 1 0 0 1 0 0 1 0 0 1 0 1 0 0 0 1 1 1 1 1 1 1 1 1 1 0 1 0 1 1
66 0 0 0 0 0 1 1 0 1 1 0 1 1 0 0 0 1 0 0 1 0 0 0 0 1 1 1 1 1 1 1 0 1 1 0 0 1 1 1 1 0 1 1 0 1 0 1 0 0 1 1 0 0 1 1 1 0 1 0 0 0 0 0 1 0 0
96 0 1 1 1 0 1 0 0 1 0 0 0 1 0 0 0 0 0 0 1 1 1 1 1 1 0 1 1 1 0 1 1 0 0 1 0 0 0 0 0 1 0 0 0 0 0 1 0 1 0 1 1 0 0 1 1 1 1 0 0 1 1 1 1 0 0 1 1 0 0 0 0 0 0 1 1 0 0 1 1 0 0 1 0 0 1 0 0 1 0 1 0 0 0 1 0
71 0 1 1 1 0 1 0 0 0 0 0 0 0 0 0 0 0 1 1 1 1 0 0 1 0 1 1 1 0 0 0 0 1 0 1 1 1 1 1 1 1 0 1 0 0 1 0 1 0 1 0 0 0 0 1 0 1 1 0 1 1 1 1 1 1 1 0 1 1 0 0
58 0 0 1 1 0 0 0 1 0 1 0 0 0 0 1 0 1 0 0 0 1 0 0 1 0 1 0 0 1 0 0 1 1 1 1 1 1 1 0 0 1 0 1 0 1 0 0 1 0 1 0 0 0 1 0 1 1 0
94 0 0 0 0 0 0 0 0 0 1 0 0 1 1 1 0 0 0 0 1 0 1 0 1 0 0 1 0 1 1 0 1 1 0 0 1 0 0 0 1 1 0 0 1 0 1 0 0 0 1 1 1 1 1 0 0 1 0 1 0 1 1 1 0 1 1 1 1 1 1 1 0 0 0 0 0 0 1 1 0 1 1 0 0 1 0 0 1 1 0 0 1 1 1
62 1 1 0 0 1 0 1 1 1 0 0 1 0 0 0 0 1 1 1 1 1 0 0 1 1 1 1 0 1 1 0 0 1 1 1 0 1 0 0 1 1 1 1 0 0 1 1 0 1 1 0 1 1 0 1 0 1 0 1 0 0 0
66 0 0 1 1 0 1 0 0 1 1 0 1 1 0 1 1 1 0 1 0 0 1 1 0 0 1 0 1 1 0 0 1 1 0 1 1 1 1 1 0 1 0 0 1 0 1 1 0 1 1 1 0 0 0 0 0 1 0 0 0 1 1 1 1 0 1
97 0 0 0 0 0 1 0 0 1 0 1 1 1 0 1 0 1 1 0 1 0 1 1 0 0 0 1 0 0 1 0 1 1 1 0 0 0 1 1 1 1 1 0 0 1 0 0 0 0 0 1 1 1 1 1 0 0 1 0 1 1 0 0 1 0 0 1 1 1 1 0 1 0 0 1 1 1 1 1 0 1 0 1 0 0 0 1 1 0 1 0 0 1 1 1 0 0
63 1 1 0 1 0 1 1 1 1 0 1 1 0 1 0 1 0 0 0 1 0 1 0 0 1 0 1 1 1 1 0 0 1 1 1 1 1 0 1 0 1 1 0 0 0 1 0 1 1 0 0 1 1 0 1 0 0 1 1 1 0 1 1
74 1 1 1 1 0 0 0 0 1 0 0 0 1 1 0 1 1 1 1 1 0 1 1 0 0 1 0 0 0 1 1 1 1 0 0 0 1 0 1 0 1 0 0 0 0 1 1 1 1 0 0 1 0 0 0 1 0 1 0 1 0 1 1 0 0 1 0 1 1 1 1 0 0 0
53 0 0 0 0 0 1 0 0 1 1 1 0 0 0 0 0 1 1 1 1 1 1 0 0 1 1 1 0 0 1 1 0 1 0 0 0 1 0 1 0 0 0 0 1 1 1 1 1 0 1 1 0 0
92 0 1 0 1 0 1 1 1 0 0 1 1 0 1 0 1 0 1 1 1 0 0 1 1 0 0 1 0 1 1 0 1 1 1 1 1 0 1 1 1 1 0 0 0 0 1 0 0 1 1 0 1 1 0 0 0 1 1 0 1 0 1 1 0 0 1 1 1 1 1 0 1 1 0 0 0 1 0 1 0 0 1 0 0 0 1 0 0 1 0 1 0
98 0 0 0 0 0 0 1 1 1 0 0 0 1 1 0 1 1 0 1 0 1 0 0 1 0 1 0 0 0 1 0 0 0 0 1 1 1 0 0 0 1 0 1 0 0 1 0 1 0 0 1 0 1 0 0 0 0 0 0 1 1 0 0 1 0 1 1 1 0 1 1 1 1 1 1 1 0 1 0 0 0 0 0 0 0 1 1 1 0 1 1 0 0 0 0 0 0 0
59 0 1 1 1 1 1 1 0 0 0 1 0 0 0 0 0 0 1 0 1 0 1 0 1 0 1 0 0 0 1 0 1 1 0 1 0 0 1 1 0 0 1 0 1 0 1 1 1 1 0 1 0 0 0 1 1 1 0 1
51 0 1 1 1 0 0 0 1 1 0 1 0 1 1 1 0 1 0 0 1 1 1 0 1 1 0 1 1 1 1 1 0 0 0 0 1 0 1 1 0 0 1 0 1 0 0 0 0 0 1 0
63 0 1 1 0 1 1 1 1 0 1 0 1 0 1 0 1 0 0 0 1 0 1 0 0 1 0 0 1 1 0 0 1 0 0 0 0 1 0 1 0 0 1 1 1 0 0 0 1 0 1 0 1 0 0 1 1 1 1 1 1 1 0 1
71 1 0 1 0 1 1 1 1 1 0 1 0 0 0 0 0 0 0 1 0 0 1 1 1 0 1 1 0 1 1 1 1 1 1 0 1 0 1 0 0 1 0 1 0 0 1 1 1 1 0 1 1 1 1 0 1 1 1 0 0 1 0 0 1 1 1 1 1 0 0 1
52 1 1 1 0 1 0 1 1 0 1 1 0 0 0 0 0 1 1 1 1 1 0 0 1 0 1 1 1 1 0 0 1 1 1 1 0 0 1 0 0 1 1 1 0 0 1 0 1 1 1 0 0
76 1 0 0 1 1 0 0 0 1 1 1 0 1 1 1 0 0 1 1 0 0 1 0 1 1 1 0 1 1 1 0 0 0 1 0 0 1 1 1 1 1 0 1 0 0 0 0 1 0 1 1 1 1 0 0 1 1 1 0 1 1 1 0 0 1 0 1 0 0 1 1 1 0 1 1 1
79 1 0 1 0 1 1 0 1 0 1 1 1 1 1 1 0 0 0 1 0 1 0 1 1 1 0 0 1 0 0 1 0 0 1 0 1 0 1 0 0 0 1 0 0 1 1 0 1 0 0 0 1 0 1 0 1 1 1 1 1 1 1 1 0 1 1 1 1 1 0 1 0 1 1 1 0 0 0 0
55 1 1 1 0 1 0 0 0 0 0 0 1 0 1 0 0 0 0 1 0 1 0 0 0 0 1 1 0 0 0 1 0 1 1 0 0 0 1 1 1 1 1 1 1 0 0 1 0 1 0 1 0 1 0 0
59 1 1 0 0 1 1 1 1 1 1 0 0 1 0 0 1 1 1 1 0 0 1 1 1 0 1 1 1 1 1 1 0 1 0 1 1 0 0 0 0 1 1 1 0 1 0 0 0 0 1 1 1 1 0 1 1 1 1 0
91 1 1 1 0 1 0 1 1 1 0 1 1 1 1 1 1 0 0 0 1 1 0 1 1 0 1 0 1 0 1 1 0 0 1 1 1 1 0 1 0 0 0 0 0 1 0 0 1 1 1 0 1 0 1 0 0 1 0 1 1 1 1 1 0 1 0 1 0 1 0 0 0 0 1 1 1 1 0 0 0 1 0 0 0 1 1 1 1 1 1 1
83 0 0 1 1 0 1 1 0 0 0 1 1 1 0 1 0 0 1 0 0 0 0 1 1 1 1 0 0 1 0 0 1 0 1 0 0 1 0 1 0 0 0 0 1 1 0 1 1 1 0 1 1 0 0 0 1 0 1 0 1 0 0 0 1 0 1 1 0 1 1 1 0 0 1 1 1 0 1 0 0 1 0 1
91 0 0 1 1 0 0 0 0 1 1 1 0 0 1 1 1 0 0 0 0 1 0 0 0 1 0 0 1 1 1 1 0 0 1 0 1 1 0 1 1 1 1 0 0 0 1 0 1 1 0 1 1 1 1 0 1 1 1 1 1 0 0 0 0 0 1 0 0 1 1 0 0 0 0 0 1 0 1 0 1 1 0 1 0 0 1 0 0 0 0 1
73 0 1 1 0 0 1 1 0 0 1 0 1 1 0 1 0 0 1 1 0 0 0 1 1 0 0 0 1 0 0 0 1 0 0 1 0 1 1 0 1 1 1 1 1 1 0 1 0 1 0 1 0 0 0 0 1 1 0 0 1 1 0 1 0 1 1 1 0 0 1 1 0 0
72 0 0 0 1 1 1 1 0 1 0 1 1 1 0 1 0 0 0 0 0 0 0 1 1 1 0 1 1 1 1 1 0 0 0 1 0 1 1 0 1 0 1 1 1 1 0 1 1 0 0 0 0 0 0 0 1 0 0 0 0 1 0 0 1 0 1 0 0 0 0 1 1
67 0 0 0 0 0 0 0 0 0 1 0 1 0 0 1 0 1 1 1 0 0 1 0 0 0 1 0 0 1 1 0 0 0 0 0 1 0 0 0 1 1 1 1 0 0 0 1 1 1 1 1 1 1 1 0 0 1 1 0 0 1 1 1 0 1 1 1
84 0 1 1 1 0 0 1 0 1 1 1 0 1 0 1 0 0 1 1 0 0 1 0 1 1 1 0 0 1 0 0 0 0 1 1 1 0 0 0 0 0 1 1 1 1 1 1 1 1 0 1 1 1 0 1 1 1 1 0 0 1 1 1 1 0 1 1 1 1 1 0 1 1 1 1 0 0 1 0 1 1 1 0 0
92 0 1 0 1 1 1 0 1 0 1 0 1 0 1 1 1 0 0 0 0 0 0 1 1 1 1 0 0 0 0 1 1 1 0 1 1 1 1 0 0 1 0 0 0 1 0 0 1 1 0 1 0 0 1 0 0 0 1 0 1 1 1 0 0 0 1 1 0 1 0 1 0 0 1 1 0 1 1 1 0 0 0 0 0 1 1 1 1 1 1 0 1
83 0 1 0 0 0 0 0 0 1 1 1 1 1 0 0 1 0 1 0 0 1 0 1 1 0 0 0 0 0 0 1 0 0 0 0 0 1 1 0 0 1 1 1 1 1 1 1 1 0 1 1 1 1 0 0 0 1 0 1 1 1 0 1 0 0 0 0 1 1 1 0 1 1 1 0 1 0 0 1 0 0 1 1
50 0 1 0 1 1 0 0 0 0 0 0 0 0 1 0 1 1 0 0 1 1 1 0 1 1 1 0 1 1 0 1 1 1 0 0 0 1 0 0 0 1 1 0 0 1 1 1 1 1 1
88 0 1 0 0 0 1 1 1 0 1 1 1 1 0 1 1 0 0 0 0 1 1 1 1 0 1 0 1 1 0 0 0 1 1 1 0 1 0 0 0 0 0 0 1 0 1 1 1 0 1 0 1 1 0 1 0 0 0 1 0 0 0 0 0 0 1 1 1 1 0 1 0 0 1 0 1 1 1 1 0 0 0 1 1 1 1 0 1
64 0 0 1 0 1 1 1 0 0 0 1 0 1 1 1 1 0 0 0 0 0 1 1 1 1 0 1 1 1 1 1 0 0 0 1 1 0 1 0 0 0 0 1 1 0 0 1 1 0 1 1 1 1 1 0 0 0 0 0 0 1 0 0 1
76 1 1 1 0 0 0 1 1 1 1 1 0 0 1 0 1 0 0 1 1 1 0 0 1 0 1 0 0 1 0 0 0 1 0 0 0 1 1 0 1 0 0 1 0 0 1 1 0 1 1 1 1 0 1 1 1 1 0 0 0 0 1 1 0 1 0 0 1 1 1 0 1 0 1 1 1
52 0 1 1 0 1 0 0 1 1 0 0 0 1 1 1 1 0 0 0 1 0 0 0 0 0 1 0 1 1 1 1 1 0 0 0 0 0 0 1 0 1 0 0 0 1 0 0 1 0 1 1 0
91 1 1 1 1 1 0 0 1 1 0 1 0 1 1 0 0 0 1 1 0 0 1 0 1 1 1 1 1 0 1 1 0 1 0 0 0 1 1 0 1 0 1 0 0 0 1 1 1 0 1 1 1 0 0 1 1 1 1 1 0 0 1 1 0 0 0 1 0 1 1 0 1 0 1 0 1 1 0 0 0 0 1 0 1 1 1 0 1 0 1 1
96 1 0 1 0 0 1 0 0 0 0 0 1 0 1 1 1 0 1 0 1 1 1 0 1 0 1 0 0 0 0 0 0 1 0 1 0 0 1 0 0 0 1 0 1 0 1 1 1 1 1 1 0 0 0 1 0 1 1 1 1 0 1 0 0 0 1 0 0 0 0 0 0 0 1 1 0 0 1 1 1 0 1 0 0 0 1 0 1 1 0 1 0 1 1 0 0
99 1 0 1 1 0 0 0 1 1 0 0 1 1 1 0 1 0 1 0 0 1 1 0 1 0 1 1 1 1 1 0 0 1 1 0 1 0 0 0 1 0 1 1 0 1 0 0 1 1 0 0 1 0 1 0 1 0 0 1 0 0 0 0 0 0 0 1 1 1 0 1 0 0 0 0 1 0 1 0 1 0 0 0 1 1 1 0 1 0 0 0 1 0 0 0 1 0 0 1
73 1 0 0 1 1 1 1 0 1 1 0 0 0 1 1 1 0 0 1 1 0 1 1 0 0 0 1 1 1 0 1 0 1 0 1 0 1 0 0 1 1 0 1 1 1 1 0 0 1 0 1 1 1 1 1 0 0 1 1 1 0 0 0 0 1 0 0 0 1 1 0 0 1
57 1 1 0 0 1 1 0 0 1 1 0 1 1 1 1 1 1 1 0 0 0 0 0 1 0 1 1 1 0 1 1 1 1 1 0 0 1 0 1 0 0 1 1 0 1 1 1 1 1 1 1 0 1 0 1 1 0
62 0 0 1 1 0 0 0 0 0 1 0 0 1 0 1 1 1 1 0 0 1 0 0 1 1 1 1 1 1 1 1 1 0 1 1 0 1 1 1 1 0 0 0 0 1 1 1 1 0 0 1 0 1 0 1 0 1 1 0 1 1 0
88 1 1 1 0 1 0 0 1 1 1 1 0 1 0 0 0 1 0 1 1 1 0 1 0 0 1 1 1 1 0 1 1 1 0 1 1 0 1 1 1 0 1 1 0 0 0 1 1 1 0 0 0 0 0 1 1 0 1 0 1 1 0 0 1 0 1 0 1 0 0 1 0 1 1 1 1 0 1 1 0 1 0 1 0 0 1 0 0
89 1 1 1 0 0 1 1 0 0 0 0 1 1 1 1 1 0 1 0 0 1 1 0 1 0 0 1 0 0 0 0 0 1 0 0 0 1 1 0 0 0 0 0 0 1 1 1 1 0 0 1 0 1 0 1 0 1 1 0 0 0 1 1 1 0 0 1 1 1 1 1 1 1 0 0 0 0 1 1 1 1 1 1 1 0 0 0 1 1
78 1 0 1 1 1 0 1 0 0 1 0 0 1 0 1 0 0 0 0 0 0 0 1 0 0 0 1 0 1 1 0 0 0 0 0 1 0 1 0 1 1 0 1 0 1 1 0 0 0 0 0 1 1 0 1 0 0 0 1 1 0 0 1 0 0 1 0 0 0 0 1 0 0 1 1 1 0 0
54 0 0 1 0 1 1 0 0 0 1 0 0 1 0 1 0 1 0 0 1 1 0 1 1 1 0 0 1 1 1 0 0 1 1 0 0 0 0 0 1 1 1 1 0 1 1 0 1 1 1 1 0 0 1
85 1 1 1 1 1 0 1 0 0 1 0 1 0 0 0 0 1 1 1 0 0 0 1 0 1 0 1 0 1 0 1 0 1 0 1 1 1 1 1 0 1 0 1 0 0 0 0 0 0 0 0 1 0 0 0 1 0 0 1 0 1 0 0 1 0 0 1 1 1 1 0 0 1 0 0 0 0 0 1 1 1 0 0 1 1
55 1 0 0 0 1 1 1 1 1 0 0 1 1 1 1 1 0 0 0 1 1 1 1 0 1 0 0 0 0 1 0 1 0 1 0 1 1 1 1 1 0 0 1 0 0 0 0 1 0 1 0 0 1 1 1
64 1 0 0 0 1 0 1 0 1 1 0 1 0 1 0 1 1 0 1 1 0 0 0 1 0 0 1 1 1 0 1 0 0 0 1 1 1 1 1 1 1 1 0 0 0 0 0 0 1 1 1 1 0 0 1 0 0 1 0 0 0 1 1 0
63 1 1 1 1 1 1 0 1 0 0 0 1 1 1 0 0 1 1 1 0 0 0 1 0 0 1 0 1 1 1 1 1 1 1 0 0 1 0 0 0 1 0 0 0 0 1 0 1 0 1 1 1 0 0 0 1 0 1 1 1 1 1 1
80 1 0 0 1 1 1 0 1 1 1 0 1 1 1 1 0 1 1 1 0 1 1 1 0 0 1 1 0 1 0 0 1 0 1 1 1 1 1 0 0 1 0 0 1 0 0 0 1 0 0 0 0 0 1 0 1 0 0 0 0 0 1 0 1 1 1 1 1 1 0 1 1 0 0 1 0 0 1 1 0
94 0 0 1 1 1 1 1 0 1 0 0 1 1 1 0 1 1 1 1 0 0 1 0 0 1 1 1 0 0 1 1 0 0 0 0 0 0 1 1 0 0 0 1 0 0 0 0 1 1 0 0 0 1 0 1 0 0 0 1 1 1 0 1 1 1 0 1 1 1 0 1 1 0 0 0 0 0 0 1 0 0 1 0 1 0 0 1 1 1 1 0 0 1 0
91 1 0 1 0 0 1 1 1 0 1 1 1 1 1 1 0 1 0 0 0 1 0 0 1 1 1 0 0 0 1 1 1 1 1 0 1 1 0 0 0 1 0 1 1 1 0 0 0 1 1 0 1 1 0 0 0 1 0 1 1 1 1 1 1 0 1 1 1 0 1 1 1 1 1 0 1 1 1 1 0 0 0 1 1 0 1 0 1 1 0 0
