100
92 1 0 0 0 0 1 1 1 0 0 1 1 0 0 0 0 0 0 0 0 0 1 0 0 0 1 0 1 1 1 0 0 1 1 1 0 0 0 1 1 0 0 1 1 1 0 0 0 0 1 1 0 1 1 0 0 1 1 1 0 1 1 1 0 1 0 1 0 1 1 1 0 0 1 1 1 0 0 1 1 0 1 0 0 1 0 0 0 1 0 1 0
64 1 0 0 0 1 1 1 1 0 1 1 1 0 1 1 1 1 1 0 0 0 0 1 0 1 1 0 0 0 1 1 0 0 0 0 1 1 1 0 0 1 1 1 0 0 1 1 0 1 1 1 1 1 0 0 0 1 1 1 0 1 0 1 0
77 0 0 1 1 0 1 0 0 0 0 1 0 0 0 1 1 0 1 1 1 0 1 1 1 0 0 0 1 1 0 0 1 0 0 0 0 0 1 1 1 1 1 0 0 0 1 0 0 1 1 1 0 0 1 1 1 0 1 1 0 0 1 1 0 1 0 1 0 0 1 1 0 1 1 1 0 0
74 1 0 1 1 1 0 0 0 0 0 1 1 0 0 1 1 1 0 0 0 1 0 1 1 0 1 1 0 0 1 1 0 1 0 1 0 1 1 0 0 0 1 1 0 0 1 0 0 0 0 0 0 0 0 1 1 1 0 1 0 0 1 1 0 1 0 0 1 1 0 0 0 0 0
61 1 0 1 1 1 0 0 0 1 1 0 0 0 0 1 1 1 1 1 0 1 0 0 1 0 0 0 0 0 1 0 0 1 1 1 1 0 1 0 1 0 0 1 1 0 1 0 1 0 1 0 0 0 1 0 1 0 0 0 0 0
99 1 1 1 1 0 0 0 0 0 1 1 1 0 1 1 1 0 0 1 1 1 0 0 0 0 1 0 0 0 1 0 0 0 1 0 0 0 0 0 1 0 1 1 0 1 1 1 1 1 1 0 1 1 1 0 0 1 1 1 1 0 0 0 0 1 0 1 0 1 0 1 1 0 1 1 1 1 0 1 1 0 1 1 0 0 1 0 1 1 0 1 1 0 0 1 1 0 1 1
59 1 1 1 1 0 1 1 0 1 1 0 0 1 1 1 1 1 0 1 0 0 0 0 0 0 0 1 0 0 0 0 1 0 1 1 0 1 1 1 1 1 1 0 1 0 1 0 1 1 0 0 1 0 1 0 1 1 1 1
88 0 0 0 1 1 0 1 0 1 0 1 1 0 0 0 0 0 1 0 1 1 1 1 1 1 0 0 1 1 1 0 0 1 0 0 1 1 1 0 0 0 1 0 1 0 0 1 0 1 1 0 1 0 1 1 1 1 1 1 1 1 1 0 1 0 0 1 1 1 0 1 1 1 0 1 1 1 0 1 0 0 1 1 1 1 0 0 0
76 0 1 0 1 1 1 0 1 1 0 1 1 1 1 1 0 0 0 1 1 1 1 0 1 0 0 0 0 1 1 1 0 1 0 0 1 1 1 0 1 0 0 1 0 1 1 0 1 0 0 0 1 0 1 1 1 1 0 1 1 0 0 0 0 1 0 1 0 0 1 1 1 1 1 1 0
69 0 1 1 1 0 1 0 0 0 0 0 0 1 1 1 0 1 1 1 1 1 0 1 0 0 0 1 0 1 1 1 1 0 0 0 1 1 1 0 0 0 1 0 1 1 1 1 0 1 1 1 0 0 1 1 0 1 1 0 0 0 0 0 1 0 1 1 0 0
54 0 1 1 1 1 0 0 0 1 0 0 1 0 1 0 1 1 1 1 1 1 0 0 1 0 1 0 1 1 1 1 1 0 1 1 0 0 0 1 1 0 1 0 0 0 0 0 0 1 0 1 1 1 0
85 1 1 0 1 0 0 0 0 1 1 0 1 1 1 0 1 0 1 0 0 1 0 1 1 1 0 1 0 1 1 1 0 1 1 1 1 1 0 1 0 0 0 0 1 1 0 0 0 1 1 0 1 0 1 1 1 0 1 1 0 0 1 1 0 1 0 0 0 0 1 0 1 1 0 0 0 1 1 0 1 1 1 1 1 0
88 0 1 0 0 1 1 0 0 1 0 0 1 0 0 1 1 1 1 0 1 1 1 1 1 1 0 1 0 0 1 0 0 1 0 0 1 1 0 0 1 0 0 0 1 0 1 1 0 1 1 0 0 1 0 1 1 1 1 1 1 1 0 0 0 0 1 1 1 0 0 1 1 1 0 0 0 1 0 1 1 1 0 0 1 0 0 1 1
85 0 1 1 0 1 0 0 1 0 1 0 0 1 0 0 1 1 1 1 0 0 0 1 0 1 1 1 1 0 0 1 1 1 1 1 0 0 0 1 0 0 1 1 1 0 1 1 0 0 0 0 1 0 1 0 1 1 1 0 0 0 0 1 1 0 0 0 0 0 1 1 1 0 1 1 1 0 1 0 0 0 1 0 1 0
61 1 1 1 1 1 0 1 1 0 1 1 0 1 1 0 0 0 1 0 0 1 1 1 0 0 0 0 1 0 1 1 0 0 0 0 1 0 1 1 0 0 1 1 1 0 1 1 0 0 0 0 0 1 0 1 0 0 0 0 1 0
60 1 0 1 1 1 0 0 1 0 1 0 1 1 0 1 1 1 0 1 0 0 1 1 0 0 1 0 1 0 1 0 0 1 1 0 0 1 1 1 1 0 0 0 1 1 1 0 1 1 0 1 1 1 0 1 0 0 0 1 1
86 0 1 0 0 0 1 1 1 1 1 0 1 1 1 0 0 0 0 0 0 1 0 0 0 1 1 1 1 0 0 1 0 0 1 0 1 1 1 1 1 1 1 0 1 1 0 1 0 1 1 1 0 1 0 0 1 0 1 0 0 0 0 0 1 1 1 0 0 1 1 0 0 1 0 1 1 0 0 0 1 0 0 1 0 0 1
50 1 1 0 1 0 0 1 1 1 1 1 1 1 0 0 0 1 0 0 1 0 1 1 0 1 0 0 1 1 1 0 1 1 0 1 0 1 1 0 0 0 0 1 1 1 0 0 1 1 1
95 0 1 1 0 0 1 1 0 0 0 0 1 0 1 0 0 1 0 1 1 1 1 0 0 0 1 1 0 0 1 1 1 0 1 1 1 1 1 0 0 0 1 0 0 0 1 1 0 1 0 0 1 0 0 1 0 1 1 0 1 1 1 1 1 1 1 0 1 0 0 0 0 0 0 0 0 0 0 0 1 0 0 0 1 0 1 0 1 0 0 1 0 0 1 0
69 0 0 1 0 0 0 0 0 1 0 0 1 0 0 1 0 1 0 1 1 1 1 0 1 0 1 0 0 1 1 0 1 0 0 1 1 0 0 0 0 1 0 1 1 0 1 1 1 1 1 0 1 0 0 1 0 1 0 1 1 1 1 1 0 0 1 1 1 1
54 1 0 0 0 0 0 1 0 0 0 0 1 1 1 1 0 1 0 0 0 1 1 1 0 1 1 0 0 0 0 1 0 0 0 0 1 1 0 1 0 0 1 1 1 1 1 1 1 0 1 1 1 1 0
66 0 1 0 1 1 0 1 0 1 0 0 1 1 1 1 1 0 0 0 0 1 1 0 1 1 0 1 1 0 0 1 0 1 0 0 1 0 0 1 1 0 1 1 1 1 1 1 0 0 1 0 0 1 0 1 1 1 1 1 0 0 1 1 0 0 1
52 1 1 1 0 0 0 1 0 0 1 1 1 0 0 1 1 1 0 1 0 0 1 0 0 1 0 1 0 1 1 1 1 1 0 1 1 0 1 0 1 1 0 0 0 0 0 0 1 0 0 0 0
81 0 0 0 0 1 1 1 1 1 0 0 1 1 1 0 1 0 0 1 1 1 1 0 1 1 1 1 0 0 1 1 0 1 1 1 0 1 1 1 1 1 0 0 1 1 0 0 0 0 0 0 0 0 0 0 1 0 1 1 1 1 1 1 1 1 1 1 1 1 1 0 1 0 1 1 1 1 0 1 0 0
63 1 1 0 0 1 0 0 0 0 0 0 1 0 0 1 0 1 1 0 0 1 0 0 1 0 0 1 1 1 1 0 1 1 1 0 0 1 0 1 1 1 0 1 0 1 0 0 0 1 1 0 0 1 0 1 0 1 0 1 1 0 0 0
57 0 1 0 0 0 1 0 1 0 1 1 0 0 1 1 0 1 0 0 1 1 0 1 0 1 1 0 0 1 0 1 1 0 1 0 1 1 0 0 0 1 1 1 1 1 0 1 1 0 1 0 1 0 0 1 0 1
54 1 0 0 0 1 0 0 1 0 0 0 1 1 1 0 1 1 1 1 0 1 1 1 1 1 0 1 1 0 0 1 0 0 1 1 1 1 1 1 1 1 0 1 1 0 1 1 0 1 0 0 1 0 1
72 0 0 1 1 0 0 0 0 0 0 1 0 0 0 1 1 0 1 1 0 0 0 0 0 1 1 0 1 0 1 0 1 1 1 1 1 0 0 0 1 0 0 0 0 0 1 0 1 1 0 1 0 1 1 0 0 0 1 1 0 0 0 0 0 1 1 0 1 0 0 0 1
60 0 0 1 0 1 0 0 0 1 0 1 1 0 0 0 1 0 1 1 0 0 0 0 0 1 1 1 0 1 0 0 1 0 0 0 0 0 0 0 0 0 0 0 1 0 0 0 0 1 0 1 0 1 0 1 1 1 1 0 0
74 1 1 1 0 0 1 0 0 1 1 0 0 1 0 1 1 0 1 0 0 0 1 1 0 1 1 0 0 0 0 0 1 0 0 0 0 0 0 0 1 1 1 0 0 0 1 0 1 0 1 1 0 0 1 0 0 0 1 1 0 1 1 1 0 0 0 0 0 1 1 1 0 1 0
53 0 0 1 0 0 1 0 1 1 0 1 1 0 0 0 1 1 0 0 0 1 0 1 1 0 1 1 0 0 0 0 0 1 0 1 0 0 0 1 1 1 1 1 0 0 1 1 0 0 1 1 1 1
82 0 0 0 0 1 0 0 0 0 1 1 0 1 0 1 1 0 0 0 0 0 0 1 1 0 0 1 0 0 1 0 0 0 1 1 0 1 1 1 1 1 0 1 1 1 0 1 0 1 0 0 0 0 1 1 1 0 1 1 0 0 1 1 1 1 0 0 0 1 1 0 1 1 0 1 1 0 0 1 0 0 1
92 1 1 0 0 0 1 1 1 0 1 0 0 0 1 0 0 1 1 1 1 0 0 1 1 1 1 1 0 1 1 0 0 1 0 1 1 0 1 1 1 1 1 0 1 0 0 0 0 0 0 1 0 0 0 0 0 0 1 0 1 0 1 1 1 1 1 1 1 1 0 0 1 1 0 1 0 1 1 1 1 0 0 0 0 1 1 1 0 0 0 0 0
95 1 1 1 1 1 0 1 0 0 1 0 0 1 0 1 1 1 0 1 1 1 0 1 1 0 1 0 1 1 1 1 1 0 1 1 1 1 0 0 0 1 1 1 1 0 0 1 0 0 0 1 1 1 0 1 0 0 0 0 0 0 1 1 1 0 0 1 0 0 1 1 1 1 1 1 0 0 0 1 1 0 0 1 1 1 1 1 0 1 0 0 1 1 0 0
56 1 0 0 0 1 0 1 1 0 1 0 1 1 1 1 1 0 0 0 0 0 1 0 1 1 1 0 1 0 0 0 0 0 1 1 0 0 1 1 1 1 1 1 0 0 1 1 1 1 0 1 1 0 0 0 0
95 1 0 0 0 1 0 0 1 0 1 1 0 1 1 0 0 1 1 0 0 0 0 0 1 0 0 0 0 1 0 1 0 1 0 1 0 1 1 0 1 0 1 1 1 0 0 0 0 0 1 0 0 0 0 1 1 0 1 0 1 1 1 0 0 1 0 0 0 0 0 0 1 0 1 1 0 0 0 0 0 0 1 0 1 1 0 1 0 1 1 0 0 0 1 1
57 1 1 0 0 1 0 1 0 0 0 0 1 1 1 0 0 0 1 1 0 0 0 0 1 1 0 0 0 0 1 0 0 1 1 0 1 0 0 0 1 0 1 0 1 1 1 1 0 1 0 1 1 1 1 0 1 0
58 1 0 1 1 0 1 0 1 0 0 0 1 1 1 1 0 0 1 0 1 0 1 0 1 1 0 1 1 0 1 1 1 0 1 1 1 1 0 0 1 1 1 1 1 1 0 0 1 1 1 1 0 1 0 0 0 1 0
100 0 1 1 1 1 0 1 1 1 1 0 1 0 0 0 0 0 0 0 1 0 0 0 0 1 0 0 1 1 0 0 0 0 1 1 1 0 1 1 1 1 1 1 1 1 1 0 0 1 1 0 1 0 1 0 0 0 1 0 1 0 1 0 0 0 0 0 0 0 0 0 0 0 0 0 1 0 0 1 1 1 0 1 1 0 1 0 1 0 1 0 1 1 1 1 0 1 1 0 1
51 1 0 1 1 0 0 1 0 0 1 1 0 1 0 1 0 0 1 0 1 0 1 0 0 1 0 1 0 0 1 1 1 0 0 0 1 1 1 0 1 0 1 0 1 0 0 1 1 1 0 1
76 0 1 1 0 0 1 0 0 0 0 0 0 1 1 1 0 1 1 0 1 0 1 0 1 0 0 1 0 1 0 1 1 1 1 1 1 1 1 0 0 1 0 0 0 0 0 1 0 0 0 0 1 0 0 0 0 0 0 0 0 1 0 0 0 0 1 1 1 1 0 0 1 1 0 1 1
61 0 1 1 1 0 0 0 1 0 1 1 0 1 1 1 1 0 1 1 0 1 0 1 1 1 0 0 1 1 1 1 0 0 0 0 1 1 0 1 0 0 1 1 0 1 1 1 1 1 1 0 1 0 0 0 0 1 1 0 0 1
72 1 0 1 1 0 1 0 0 0 1 1 0 0 1 1 1 1 1 0 0 1 0 1 1 1 0 0 1 1 0 1 0 1 0 1 1 1 0 1 1 0 1 1 1 1 1 0 1 0 1 0 0 0 0 0 0 0 0 1 1 0 0 0 0 0 0 0 0 0 0 0 1
67 1 0 0 1 1 1 0 1 0 0 0 1 0 1 0 1 0 1 0 0 1 1 1 1 0 0 1 1 0 0 0 0 1 0 1 1 1 1 0 0 1 1 1 1 0 0 0 1 1 0 1 0 1 0 1 1 0 1 1 1 0 0 0 0 1 0 1
83 1 0 1 1 1 1 0 1 0 0 0 0 1 1 0 0 0 0 1 0 1 1 1 0 1 0 0 0 1 1 1 0 1 0 1 0 1 1 0 0 1 1 1 0 0 0 1 0 1 1 0 1 1 0 0 1 1 0 0 1 1 1 1 1 1 1 1 0 0 0 0 1 0 0 1 1 1 0 1 1 0 1 0
58 1 1 1 1 1 0 1 0 1 1 0 1 1 0 1 1 1 1 0 1 1 1 0 0 0 1 0 1 1 0 1 1 0 0 1 1 0 0 1 0 1 0 0 0 0 1 0 1 0 0 1 1 0 1 1 0 1 1
77 0 0 0 0 1 1 0 1 0 1 0 1 0 1 0 0 1 1 1 1 0 1 0 1 0 1 0 0 0 1 0 0 0 1 1 0 0 1 0 1 0 0 0 1 1 0 1 0 0 0 1 1 0 1 1 1 0 1 0 1 1 1 1 0 0 0 0 0 0 1 1 1 1 1 0 0 1
90 0 0 0 1 1 1 0 1 0 1 0 1 0 1 0 0 1 1 0 1 1 1 1 1 1 1 1 0 0 1 0 1 0 1 1 0 0 1 1 0 1 0 0 1 0 1 0 0 0 0 0 0 1 1 1 0 0 0 1 0 1 0 1 1 1 0 0 1 0 0 1 1 0 0 0 1 1 0 0 0 0 1 1 1 0 0 1 1 1 1
62 0 1 0 0 0 0 1 0 1 1 0 1 0 1 0 0 0 0 0 0 1 0 0 0 1 0 1 0 1 1 1 1 0 1 0 0 1 1 0 1 1 0 0 0 0 0 0 1 1 0 0 1 1 1 1 0 1 1 1 1 0 1
71 0 0 1 0 1 0 0 0 0 0 1 0 1 0 0 1 1 1 1 0 1 0 1 1 0 0 1 0 0 0 1 1 0 0 1 0 1 1 0 1 0 0 0 0 0 0 1 0 1 0 0 1 1 1 1 1 0 1 1 1 1 1 1 1 0 1 0 1 1 0 1
57 1 0 0 0 1 0 0 0 0 0 1 1 1 1 1 1 1 0 1 1 0 1 0 0 1 1 1 1 1 0 0 0 0 0 1 0 1 0 1 1 1 0 0 1 1 0 0 1 0 1 1 0 0 0 1 0 0
50 0 1 1 0 0 0 0 1 0 1 1 0 0 1 0 0 0 0 0 1 0 0 1 0 0 0 1 0 0 0 0 0 1 1 1 1 1 0 1 1 1 1 0 1 1 1 0 1 1 0
90 1 1 1 0 1 1 1 0 1 0 0 0 0 0 1 0 1 0 1 1 1 1 0 0 0 1 1 0 0 0 1 1 1 0 0 1 1 0 1 0 0 0 0 0 1 0 1 0 0 1 0 0 0 0 1 0 0 1 1 0 0 0 0 1 1 1 0 1 1 1 1 0 0 0 0 1 0 1 1 1 0 1 0 0 1 0 1 1 0 0
72 0 0 0 1 1 1 0 0 1 1 0 0 0 0 1 0 0 1 1 1 1 0 0 0 0 0 1 1 1 0 0 1 0 1 1 0 1 1 1 0 1 1 1 0 1 0 0 1 0 1 1 1 1 0 1 1 1 1 0 0 1 0 1 1 1 0 1 0 0 1 0 0
66 0 0 0 1 0 0 0 1 1 1 1 0 1 1 0 1 0 1 0 0 0 0 1 0 0 1 0 1 0 0 1 0 0 1 0 1 1 0 0 1 1 1 1 0 1 0 1 1 0 0 1 0 1 1 0 1 1 1 1 0 1 1 0 0 1 1
72 0 1 1 0 0 1 0 1 1 1 1 1 1 0 0 1 0 0 1 0 0 0 0 1 0 1 1 0 0 1 1 1 1 1 0 0 1 1 1 1 0 1 0 0 1 0 0 1 0 1 0 1 1 1 0 0 0 0 1 1 1 1 0 1 1 1 1 1 1 0 0 0
83 0 1 0 0 0 0 0 1 1 1 0 0 1 0 0 1 0 0 1 1 0 1 0 0 0 0 0 0 1 0 0 1 1 1 0 0 0 1 0 0 1 1 0 0 0 0 1 1 0 0 0 1 0 0 1 1 1 0 1 0 0 1 0 1 0 1 1 1 1 0 1 1 0 1 1 1 0 0 0 0 1 0 0
59 0 1 1 1 0 0 0 0 0 0 1 1 0 0 1 1 1 0 0 1 1 1 1 1 1 1 0 1 1 1 0 1 1 1 0 0 0 1 1 1 1 1 0 1 1 1 1 0 1 0 0 1 1 1 0 0 0 1 0
52 0 1 0 0 1 1 1 1 1 1 0 1 1 0 1 1 0 0 1 1 0 1 0 0 1 1 0 0 1 0 1 0 0 0 1 0 0 1 1 0 1 0 1 1 0 0 1 1 1 1 1 0
72 1 1 0 0 1 0 1 0 0 1 1 0 0 1 1 0 1 1 1 0 0 1 1 1 0 1 0 1 0 1 1 0 0 1 1 0 0 1 1 0 1 0 0 1 1 1 0 0 1 0 0 1 0 0 1 0 0 0 1 0 1 1 0 0 0 1 0 0 0 1 0 1
75 1 0 0 1 1 1 1 1 0 0 0 1 1 0 0 0 0 1 0 1 0 1 1 0 0 0 1 0 0 1 1 0 0 0 0 1 0 0 0 0 1 1 1 0 1 0 0 0 0 1 1 1 0 1 0 1 0 1 0 1 0 1 0 0 1 0 1 1 1 0 0 0 0 0 1
96 1 1 0 1 0 0 0 1 1 0 0 0 1 1 0 1 0 0 0 0 1 1 1 1 1 0 0 0 0 1 0 1 1 0 1 1 0 1 1 0 0 1 1 0 1 0 1 1 1 1 0 0 1 0 0 0 1 1 0 1 0 1 0 0 0 1 1 1 1 0 1 1 0 0 0 0 1 1 1 1 0 1 0 1 1 0 1 1 0 1 0 1 1 0 0 0
50 1 0 0 1 1 0 0 1 1 1 1 0 1 1 1 1 1 1 1 1 1 0 0 1 1 0 1 0 1 0 0 0 1 0 1 0 1 1 0 0 1 1 1 0 0 0 1 1 0 0
78 1 0 1 0 1 1 0 1 0 1 1 0 1 1 1 1 1 0 1 0 0 0 0 1 1 1 1 1 1 0 1 0 0 0 1 0 0 0 0 1 1 1 1 1 1 1 1 0 1 0 0 1 0 0 1 0 1 1 1 0 1 1 0 0 0 1 0 0 1 0 1 0 0 1 1 0 1 0
72 1 0 1 0 1 1 0 1 0 0 1 0 1 1 1 0 0 1 1 1 1 0 1 1 0 0 1 0 1 1 0 1 1 1 0 0 1 0 0 1 1 1 0 0 0 1 0 1 0 0 0 0 0 1 0 1 0 1 0 1 1 0 0 0 1 0 0 0 0 0 1 0
86 0 0 0 0 0 1 1 0 1 0 0 1 0 0 1 0 1 0 1 1 1 1 1 1 1 0 1 1 0 0 1 0 0 1 1 0 1 0 0 1 1 0 0 1 0 0 0 1 0 0 1 1 0 1 0 0 1 1 0 0 0 1 0 1 0 0 1 0 0 1 1 0 0 0 1 0 1 1 0 0 0 1 1 0 0 1
63 0 0 1 0 1 1 1 0 1 0 1 0 0 0 0 0 0 1 1 1 0 0 0 0 0 0 1 1 0 1 1 0 0 1 1 1 1 1 1 0 0 0 1 1 0 0 1 1 0 0 1 0 1 0 0 0 0 1 0 1 1 1 1
83 0 0 0 0 1 1 1 0 1 0 0 0 0 1 1 1 0 1 0 1 0 0 0 1 0 1 1 1 1 1 0 0 0 0 1 1 0 1 0 1 1 1 0 0 0 1 0 1 1 0 0 1 1 0 1 1 0 1 1 0 0 0 1 1 1 0 1 0 1 1 1 1 0 1 1 0 1 1 1 1 0 1 1
53 1 0 0 0 1 1 0 0 1 0 0 0 1 0 1 0 0 1 0 0 0 1 0 0 0 0 1 0 0 0 0 1 0 1 1 1 1 1 1 0 0 1 0 1 0 1 1 1 0 1 1 1 1
54 1 0 0 1 0 1 0 1 0 0 0 1 1 1 1 0 0 0 0 0 0 1 0 0 0 1 1 0 1 0 1 0 1 1 0 0 1 0 1 1 1 0 0 0 0 1 0 0 0 1 0 1 0 0
55 1 1 0 1 1 0 0 0 0 0 1 1 0 0 1 0 0 0 1 0 0 0 0 1 1 0 0 1 0 1 1 0 1 0 1 0 0 0 1 0 1 0 0 0 1 0 1 0 1 0 0 0 1 0 1
51 1 0 1 1 1 1 0 1 0 1 0 1 1 0 0 1 1 0 0 0 0 1 1 0 0 1 1 0 0 0 0 0 1 1 0 1 1 0 1 1 1 0 0 1 1 0 1 0 1 1 1
68 0 1 1 1 1 1 0 0 1 0 0 1 0 1 0 0 0 1 1 1 1 1 1 1 1 0 0 0 1 0 0 0 1 0 1 0 1 1 0 0 1 1 1 1 0 0 1 0 0 0 1 0 0 1 1 1 0 1 0 0 0 0 1 0 0 0 1 0
83 1 1 1 0 1 0 0 0 1 1 0 1 0 0 0 1 0 1 0 0 0 1 1 0 1 1 1 0 0 0 0 1 0 1 1 0 0 1 1 1 1 1 0 0 0 0 1 0 1 0 0 0 0 1 1 0 1 1 0 1 1 0 0 0 0 0 1 1 0 1 0 1 1 0 1 0 0 0 0 1 0 1 1
94 0 0 1 0 1 1 1 1 0 1 0 1 1 0 0 1 1 1 0 1 1 0 1 0 0 1 0 1 0 1 0 0 0 0 1 0 1 0 0 0 0 1 0 0 0 1 0 1 0 1 0 0 1 0 1 1 1 1 0 0 0 0 0 0 0 0 1 0 1 0 0 0 1 1 1 1 1 0 1 0 0 0 1 0 0 0 0 0 1 1 1 0 1 1
57 1 0 0 0 0 0 0 1 0 0 0 1 1 1 1 0 1 1 0 1 1 0 0 1 0 1 1 1 0 0 1 0 0 0 1 0 0 0 0 1 1 1 0 1 1 0 1 1 0 0 1 1 0 1 0 1 0
64 1 0 0 1 1 1 0 1 0 1 0 1 0 0 0 1 1 1 0 0 0 0 1 0 0 1 1 1 0 1 1 0 0 0 0 0 0 1 0 1 1 1 0 1 0 1 1 1 1 1 0 0 0 1 0 0 1 0 0 1 1 0 0 1
77 0 0 0 0 1 1 1 1 1 1 0 0 0 1 0 0 0 0 0 0 0 0 0 1 0 0 0 0 1 1 1 1 0 0 0 0 1 0 1 1 1 0 0 0 1 0 0 1 0 1 0 0 1 0 1 0 1 0 1 0 1 1 1 0 0 1 1 0 1 0 1 1 0 1 1 0 0
91 1 0 1 0 0 0 0 0 1 1 0 0 0 0 0 0 1 1 0 1 0 0 0 0 0 0 1 1 0 0 0 1 0 1 1 0 0 1 1 0 1 0 0 0 1 0 0 1 1 1 1 1 1 1 1 1 1 0 1 1 1 0 1 1 1 1 0 0 0 1 0 1 0 1 1 1 0 1 0 1 1 1 1 1 0 0 1 0 1 1 0
81 0 1 0 0 1 1 0 0 0 0 1 1 1 0 0 1 0 0 1 0 1 1 1 0 0 0 1 1 0 0 0 0 0 1 1 1 1 0 1 1 1 1 1 1 1 0 0 0 0 1 0 1 0 1 1 1 0 1 1 0 1 0 1 0 0 1 1 0 1 1 1 0 1 1 0 0 0 0 0 1 1
96 1 0 1 1 1 0 0 0 1 1 1 0 0 1 0 1 0 1 0 0 0 1 0 1 0 0 0 1 1 0 1 0 0 0 0 1 0 0 0 1 0 1 0 0 0 1 1 1 1 0 1 1 0 1 1 0 1 1 1 0 0 0 0 1 0 0 1 0 0 0 0 0 1 1 1 0 0 0 0 1 1 1 0 0 0 1 0 1 1 1 1 1 0 1 0 0
99 0 1 1 0 0 1 0 0 0 1 0 0 1 1 1 1 0 0 0 0 0 0 0 0 1 0 1 0 0 1 0 0 1 0 1 1 0 1 1 0 1 1 1 0 0 1 1 0 1 0 0 0 0 0 1 0 0 0 0 0 1 1 1 1 1 1 0 0 0 0 0 0 1 0 0 0 0 1 1 0 0 0 1 1 0 0 1 1 0 1 0 1 1 1 0 1 1 1 0
71 0 1 1 0 1 1 1 0 1 1 0 1 0 0 1 0 0 0 1 0 0 1 0 0 1 1 1 0 1 1 0 0 1 1 0 0 0 1 1 1 0 1 1 0 0 0 1 0 1 1 1 1 0 1 1 1 0 1 1 0 0 1 1 0 0 0 1 1 0 1 1
60 1 0 0 1 0 1 1 1 0 1 1 0 0 0 0 1 0 0 1 0 1 0 1 0 1 0 0 0 1 1 1 1 0 1 0 0 1 0 0 0 0 0 0 1 1 0 1 0 0 0 1 1 1 1 1 1 0 1 0 1
63 0 1 1 1 0 0 1 1 0 1 0 1 1 1 1 1 0 1 1 0 1 0 1 0 1 0 1 0 1 1 0 0 0 1 1 1 0 1 0 1 0 1 0 0 0 0 1 1 1 0 1 1 0 1 1 0 1 1 1 1 0 0 1
90 1 0 1 0 1 1 0 1 0 1 1 0 1 0 0 1 1 1 1 0 0 0 0 1 0 1 0 1 1 0 0 1 0 1 0 0 1 0 0 0 1 0 0 0 0 1 1 0 0 1 0 0 0 1 0 1 1 1 0 0 1 1 1 0 1 0 1 0 0 1 0 1 1 0 0 0 1 1 0 0 1 0 0 0 1 1 0 1 0 1
84 1 1 0 0 0 1 1 0 0 1 0 1 1 0 0 1 1 0 1 0 1 0 0 0 0 1 1 1 0 1 0 1 1 0 1 1 0 0 0 0 0 1 1 0 0 0 0 1 1 1 0 0 0 0 1 0 0 1 1 0 0 0 0 0 1 1 1 0 0 0 0 1 0 0 1 1 0 1 1 0 1 1 0 0
88 1 1 1 1 0 0 1 1 0 0 1 1 1 1 1 0 1 0 0 0 1 0 0 1 1 0 0 0 0 0 0 0 0 0 0 1 1 0 0 1 1 1 0 1 1 1 0 1 0 1 0 0 0 0 0 1 0 0 0 0 0 0 0 0 1 0 1 1 0 1 1 1 1 1 0 0 0 1 1 1 0 1 1 0 0 0 1 0
50 1 1 1 1 1 1 0 1 0 0 1 0 0 0 1 0 0 1 1 1 1 0 0 1 0 1 0 1 0 1 1 1 1 0 1 1 1 1 0 0 1 0 1 1 0 1 1 0 0 0
90 0 0 0 1 1 1 0 1 0 1 1 0 0 0 0 1 0 1 1 1 0 0 0 1 0 1 1 0 0 0 1 0 0 0 0 0 0 0 0 1 1 1 1 0 1 0 0 1 1 1 0 1 0 1 1 0 0 1 1 1 0 0 0 1 1 0 0 1 1 0 0 0 1 0 1 0 0 1 1 1 0 0 1 0 0 0 0 0 1 1
52 1 0 0 1 1 0 0 1 1 1 0 1 0 1 1 0 1 1 0 1 1 0 0 0 1 0 0 1 1 0 0 0 1 0 1 1 0 0 1 1 1 1 1 0 1 0 0 0 1 0 1 0
63 1 1 0 1 1 0 0 1 0 1 1 0 0 1 0 1 1 0 1 1 1 0 1 0 0 1 0 0 0 1 0 1 1 0 1 0 0 0 1 0 1 1 0 0 1 1 0 0 1 1 0 1 0 0 1 1 0 1 0 1 0 1 1
71 1 0 1 0 1 0 0 0 0 1 0 0 1 1 0 1 0 1 1 0 1 1 1 1 0 1 1 1 0 0 1 1 1 1 1 1 1 0 1 1 1 1 0 1 1 1 0 0 0 1 1 0 0 1 1 0 1 1 1 1 1 0 0 1 1 0 0 0 1 0 0
73 1 1 0 1 1 0 0 1 0 0 0 0 0 1 0 1 1 0 0 1 1 0 0 1 0 1 0 1 0 1 0 1 0 0 0 1 0 0 0 1 1 1 0 1 0 1 0 1 1 1 1 1 1 0 0 0 1 1 1 1 1 1 1 1 1 1 0 1 0 1 0 1 1
79 0 0 0 1 0 0 0 1 1 0 1 1 0 1 1 0 1 0 1 0 1 0 0 0 0 1 0 0 0 1 1 1 0 0 1 1 0 0 1 0 1 0 0 0 0 0 0 1 0 1 1 0 1 1 0 1 1 1 1 1 0 1 1 0 0 1 1 1 0 0 1 0 1 1 1 0 1 0 1
90 1 1 1 1 0 0 0 1 0 0 1 1 1 0 0 0 0 1 0 1 0 1 0 0 1 0 1 1 0 1 1 0 1 0 0 1 1 1 0 0 1 0 1 1 0 1 0 0 1 1 1 1 1 0 1 0 0 0 1 0 0 0 1 1 0 1 0 1 0 1 1 0 0 1 0 1 0 1 1 0 0 0 0 0 0 1 0 1 1 0
83 1 1 0 0 0 0 0 0 0 1 0 0 0 0 1 1 1 1 0 0 0 1 0 1 1 1 1 1 0 0 1 0 1 1 0 1 1 1 0 0 0 0 1 1 0 1 1 1 1 0 1 0 0 0 0 0 1 1 1 0 0 0 0 1 1 0 0 0 1 1 1 1 0 1 1 1 1 0 1 1 0 0 0
74 1 1 0 0 0 1 1 1 1 0 0 0 0 0 1 0 0 0 0 0 1 0 0 1 1 1 1 1 1 0 1 0 1 1 0 0 1 0 1 1 0 0 0 0 0 1 1 0 0 1 0 0 1 1 1 0 1 1 1 1 0 1 0 0 0 1 0 0 0 1 0 0 0 0
88 1 1 0 0 1 0 0 0 1 1 1 1 0 1 0 0 1 1 0 0 0 1 1 0 0 1 1 1 0 1 1 1 0 0 1 0 0 1 0 0 0 1 1 0 1 1 0 1 1 1 0 0 1 1 0 1 1 1 1 1 1 0 1 1 0 1 1 1 0 0 0 1 1 1 1 1 0 1 1 0 0 0 1 0 0 1 0 1
99 1 1 0 1 0 1 1 0 0 0 1 1 1 1 0 0 0 0 1 1 1 0 0 1 0 0 0 1 0 0 0 0 1 0 1 1 0 0 0 1 0 0 1 1 1 1 0 0 1 1 0 1 0 1 0 1 1 0 0 1 0 1 1 0 1 0 0 0 1 1 1 0 0 1 0 1 1 1 1 1 1 1 0 0 1 0 0 1 0 0 1 1 0 0 0 0 0 1 0
