100
56 0 1 1 0 1 1 0 0 1 0 1 1 1 0 0 1 1 0 0 0 1 0 0 0 1 0 0 0 1 0 0 1 1 0 1 1 0 0 0 0 1 0 1 1 1 1 0 1 1 0 0 1 0 0 1 0
61 1 0 0 0 1 1 1 0 1 0 1 0 1 0 1 1 0 0 1 1 1 0 0 0 0 0 0 1 0 0 0 1 1 0 1 1 1 0 0 1 1 1 0 0 1 0 0 1 0 0 0 0 0 0 1 0 1 1 1 1 0
74 1 1 0 1 1 0 1 0 1 0 1 1 1 1 0 0 1 1 1 1 1 0 1 1 1 0 1 0 0 1 0 0 0 0 0 1 0 0 0 1 0 0 1 0 0 1 0 1 1 1 1 1 0 1 0 0 0 0 1 1 1 1 1 0 0 1 0 0 1 0 1 0 0 0
72 1 1 0 0 1 1 1 0 0 1 1 0 1 1 1 0 1 1 1 1 0 1 0 1 1 0 0 0 1 0 0 0 0 0 0 0 0 0 0 1 1 1 1 0 1 1 1 0 0 1 0 1 1 0 1 1 1 0 1 0 1 1 0 1 1 1 1 1 1 1 1 1
65 0 0 0 1 0 1 1 0 0 0 1 0 1 1 1 1 1 0 0 1 1 1 0 1 1 0 0 0 1 0 1 1 0 1 0 1 1 1 0 0 0 0 1 0 1 1 1 0 0 1 0 0 1 1 0 0 0 0 0 1 1 1 0 0 1
81 1 1 1 1 1 0 1 1 0 1 1 0 1 0 0 1 1 1 1 1 1 1 1 0 1 1 1 1 0 1 0 1 1 1 1 1 0 0 0 0 0 0 0 1 0 0 0 1 0 1 0 0 0 0 0 1 1 0 1 0 1 1 0 0 1 0 0 1 1 0 1 1 0 1 0 1 1 1 1 0 1
50 1 0 1 1 1 0 1 1 0 0 0 1 1 1 0 0 0 0 0 1 0 1 1 1 1 0 1 1 1 1 0 1 0 1 1 1 1 0 0 1 0 0 1 1 0 1 1 1 1 1
90 1 1 1 1 1 0 1 1 0 1 1 1 0 0 0 1 0 0 1 1 1 0 0 0 1 0 1 0 1 0 1 1 0 1 1 0 0 1 0 1 1 1 0 1 0 0 1 1 1 1 1 0 1 0 1 0 0 0 1 0 1 0 1 0 0 1 0 0 1 1 0 1 1 0 1 1 0 1 0 1 1 1 0 0 0 0 0 0 0 0
61 1 1 0 0 1 0 1 0 0 0 1 1 0 0 1 1 0 0 1 0 1 0 1 0 0 0 1 1 1 1 0 0 1 0 0 1 0 1 0 0 0 0 1 1 0 0 1 1 0 1 0 0 1 1 1 0 1 0 1 1 1
69 1 0 1 0 1 0 0 1 0 1 1 1 1 1 1 1 0 1 1 1 1 1 0 1 0 1 1 1 1 1 0 1 1 1 1 0 1 1 0 0 1 0 1 0 1 1 1 0 1 0 1 1 0 0 1 0 1 0 1 0 0 0 0 1 1 1 1 1 1
72 1 0 0 1 1 1 0 0 1 1 0 1 0 0 0 0 0 0 1 0 1 0 1 0 1 1 0 1 1 1 0 0 0 0 0 0 0 1 0 1 1 1 1 0 1 1 1 0 0 1 1 1 0 1 0 0 0 1 0 1 1 1 0 0 1 1 1 1 1 0 0 0
69 1 0 1 1 1 0 1 1 0 1 1 0 0 0 1 0 1 0 0 0 1 1 0 1 1 1 1 1 1 1 0 0 0 1 0 1 0 1 0 0 0 1 1 1 1 0 0 0 1 1 1 0 1 0 1 0 0 1 0 1 0 1 0 1 1 1 1 0 0
99 1 1 1 1 1 1 1 0 0 1 0 0 1 1 1 1 1 1 0 0 1 0 0 0 0 0 1 0 1 0 1 1 0 1 1 1 1 1 0 1 1 1 0 0 1 0 1 1 1 0 0 0 1 1 1 0 1 1 1 0 0 0 0 0 0 0 0 1 1 0 1 1 1 0 1 0 1 1 1 1 0 0 0 1 0 1 1 1 0 0 0 0 1 0 1 1 1 1 0
81 0 0 1 1 0 0 0 0 1 0 0 1 0 1 0 0 0 1 0 1 0 0 1 1 1 1 1 0 1 1 1 1 1 0 1 0 0 1 1 1 1 0 0 0 1 1 1 0 1 1 1 1 1 1 0 0 0 0 0 0 0 0 0 0 1 1 1 1 1 0 0 0 0 0 0 1 1 1 1 0 1
69 1 1 0 0 1 1 0 0 0 0 1 0 0 0 1 0 1 0 0 0 1 0 1 1 1 0 1 1 1 1 1 1 0 1 1 0 1 0 0 1 1 1 0 0 0 0 0 1 1 1 1 0 0 1 1 1 0 0 1 0 1 1 0 1 1 0 0 1 0
70 0 0 0 1 0 0 1 0 1 1 1 0 1 1 1 0 1 1 1 0 0 1 1 1 0 0 1 0 0 1 1 0 0 1 0 1 1 0 1 1 0 1 1 0 1 1 0 0 0 0 1 1 1 0 1 1 0 0 0 1 0 1 1 0 1 0 0 1 0 1
88 1 0 0 0 1 1 0 0 1 1 0 1 1 1 1 0 0 1 1 0 0 1 1 1 1 1 1 0 1 0 0 0 1 1 0 1 1 1 0 1 0 0 1 0 0 1 1 1 0 1 0 1 0 1 0 1 0 0 1 1 1 0 0 0 0 1 0 1 1 0 0 0 1 1 0 1 0 0 1 1 0 1 0 1 0 0 0 1
73 0 1 1 0 0 0 1 1 0 0 0 1 1 0 0 1 0 0 0 1 1 1 0 0 0 1 0 1 1 0 1 1 1 1 1 1 0 0 0 1 1 0 0 0 1 0 0 1 0 1 1 1 0 0 0 0 1 1 0 1 0 1 0 0 1 0 0 1 1 1 0 1 0
56 1 0 0 0 1 0 1 0 0 0 0 1 0 0 0 1 0 1 1 1 0 0 1 0 0 1 0 0 0 0 1 1 1 0 1 0 0 0 0 1 1 1 1 0 0 0 0 1 0 1 0 1 0 1 1 0
71 0 1 0 1 1 0 0 1 1 1 1 1 1 1 0 0 0 1 0 0 0 1 1 1 1 0 1 0 0 1 1 1 0 0 0 1 0 0 1 0 1 0 1 1 0 1 1 0 0 1 0 0 1 1 1 0 1 0 1 0 1 0 0 1 1 0 0 0 1 1 1
90 0 0 0 1 1 1 0 0 1 1 1 0 0 1 0 0 1 1 1 1 0 1 1 0 0 1 1 0 1 0 1 1 0 1 0 1 0 1 1 0 1 0 0 1 1 0 1 1 1 0 0 1 1 1 0 1 1 1 0 0 1 0 1 1 1 1 0 1 0 0 1 0 1 1 1 0 1 1 1 1 0 1 0 1 1 0 0 1 1 0
70 0 0 0 1 1 0 1 0 0 1 0 0 1 1 1 0 0 0 0 1 0 0 0 0 1 0 1 0 1 1 0 0 1 1 1 0 0 1 1 0 0 1 0 1 1 1 1 0 1 1 1 1 0 1 1 1 1 0 0 1 0 0 1 1 1 0 1 1 0 1
54 1 0 0 0 1 1 0 1 1 1 1 0 0 1 0 1 0 0 0 1 1 1 1 1 1 0 1 1 1 1 1 0 1 1 1 0 0 0 1 1 1 1 1 0 1 1 1 1 1 0 1 0 0 1
70 0 1 0 0 0 0 1 1 0 1 0 0 1 0 1 1 1 0 0 1 0 1 0 1 0 1 1 0 1 0 0 1 0 1 0 0 1 0 1 0 0 1 0 0 0 0 1 1 1 1 1 0 0 1 0 0 0 0 1 0 1 1 0 1 0 1 1 1 0 0
57 0 0 0 1 0 1 0 0 0 0 1 1 0 0 0 0 0 1 0 0 0 1 1 1 0 1 0 1 1 1 1 1 0 0 0 1 1 1 0 0 1 0 0 0 1 0 1 0 1 1 1 1 1 0 0 0 1
87 1 0 0 1 1 1 0 0 1 0 0 1 0 1 1 0 0 1 1 1 1 0 1 0 1 0 0 0 0 0 1 1 0 1 1 1 1 1 0 1 0 1 1 0 0 1 0 1 0 0 0 0 1 0 0 1 1 0 1 0 0 1 0 0 1 0 1 1 1 1 1 1 0 0 0 0 0 0 1 0 0 1 1 1 0 1 0
88 1 0 1 0 1 1 0 1 1 0 1 0 0 1 0 0 1 1 1 0 0 1 0 1 1 0 0 1 0 0 1 0 1 0 0 0 0 0 0 1 1 1 1 0 1 1 0 0 1 0 1 0 1 1 1 1 0 1 0 0 1 0 1 1 0 0 0 0 1 0 0 0 1 1 0 0 0 1 0 1 1 0 0 1 0 1 1 0
73 1 0 0 0 0 1 0 1 1 0 0 1 1 0 1 0 1 0 0 0 0 1 0 1 0 1 1 1 0 0 0 1 1 1 0 1 1 1 0 0 0 0 1 0 1 1 0 0 0 0 0 1 1 1 1 1 1 0 0 1 1 1 0 1 0 0 1 1 0 0 1 0 0
93 1 1 1 0 0 0 0 1 0 1 1 0 1 0 1 0 0 1 1 0 1 0 0 1 0 0 1 1 1 0 0 1 0 0 1 1 0 1 1 0 0 0 1 0 1 0 0 1 1 0 1 0 1 0 1 0 1 0 1 1 1 1 1 1 1 1 1 0 0 0 1 1 0 0 0 1 1 1 0 0 0 1 1 0 1 1 1 1 1 1 0 1 0
97 1 0 0 1 0 0 0 1 1 0 0 1 0 0 1 1 0 1 0 0 1 0 0 0 1 1 0 1 0 0 1 1 0 1 1 0 1 1 0 1 0 0 0 1 1 0 0 1 0 1 0 1 0 1 0 1 1 0 0 1 1 0 0 1 0 1 0 1 0 1 1 1 0 0 1 1 1 1 0 0 0 0 0 0 0 1 0 0 0 1 1 1 0 0 1 1 0
63 1 1 0 0 0 1 1 1 0 0 0 0 1 0 0 0 0 1 1 1 0 0 0 0 1 1 1 0 0 0 0 0 1 0 1 1 0 1 1 1 1 0 0 1 1 1 1 0 1 1 1 0 0 1 1 1 0 1 0 1 0 1 0
86 1 1 1 1 1 0 1 0 0 0 1 1 0 1 0 0 1 1 0 0 1 0 1 1 0 0 1 1 1 0 1 0 1 1 0 1 0 0 1 0 0 1 1 1 1 0 1 1 1 0 0 1 1 0 1 1 1 1 0 1 0 1 1 1 0 1 1 1 0 1 0 0 0 1 1 0 0 0 0 0 1 1 0 1 1 0
59 0 1 1 1 1 1 0 0 0 0 0 0 0 1 1 1 0 1 1 1 0 1 1 0 0 0 0 1 0 0 1 1 0 0 1 0 1 1 1 0 1 0 0 1 1 0 1 1 0 1 1 0 1 0 1 0 1 1 0
83 1 1 1 0 1 0 1 0 1 0 0 1 1 0 1 1 0 0 1 1 0 1 1 1 0 0 0 1 1 1 0 0 1 1 0 0 0 1 0 0 0 0 1 1 0 1 1 1 0 1 1 0 0 1 1 1 1 0 0 1 1 0 1 0 0 1 0 1 0 0 1 1 1 0 0 0 1 1 1 1 1 1 1
55 0 1 1 1 0 1 0 0 1 1 0 0 0 0 0 1 0 1 0 0 0 0 1 0 1 0 0 1 0 0 1 1 0 1 1 0 0 0 0 1 0 1 0 1 0 1 1 0 0 0 1 1 0 1 0
65 0 0 0 1 0 1 0 0 0 0 1 0 0 1 1 0 1 1 1 1 0 1 1 1 0 0 0 1 1 0 1 0 1 1 1 0 1 1 1 0 1 0 1 0 1 0 0 0 1 0 0 0 1 1 0 0 1 0 1 0 0 1 1 0 0
89 0 0 1 0 0 0 0 0 1 1 0 1 0 1 0 0 0 0 1 1 0 1 1 0 1 1 0 0 0 0 0 0 1 1 0 0 0 0 1 0 0 1 0 1 1 1 0 0 0 0 0 1 0 0 1 0 0 0 0 1 0 0 0 0 1 0 1 1 0 0 1 0 0 0 1 0 0 1 1 0 0 0 0 1 0 1 1 1 0
57 1 1 1 1 1 0 0 0 0 0 1 1 0 0 0 0 1 0 0 0 1 1 1 0 0 1 1 0 1 0 1 0 0 0 0 1 1 0 1 1 1 1 0 0 0 1 1 1 1 1 0 0 0 0 0 0 0
84 1 0 1 1 0 1 1 1 1 0 1 1 0 1 0 0 0 0 0 1 0 0 1 0 0 1 0 0 1 0 0 0 1 1 1 0 0 1 1 0 0 1 0 1 0 0 1 0 1 1 1 1 1 1 0 1 1 1 1 1 1 0 0 0 1 0 0 0 1 1 1 0 1 1 0 0 1 1 0 0 1 0 0 0
53 0 0 1 0 0 0 0 0 0 1 0 0 0 0 0 0 1 0 0 0 1 1 0 1 1 0 0 1 0 1 0 0 0 0 0 0 1 0 1 0 1 0 1 0 0 1 1 1 1 1 0 1 1
69 0 0 1 1 0 1 0 0 1 1 0 0 1 0 0 0 1 0 0 1 1 0 0 1 1 1 0 0 1 1 1 1 1 0 1 0 1 1 0 0 1 1 1 1 1 0 0 1 1 1 1 1 1 1 0 0 0 1 1 1 0 0 0 1 0 1 0 0 0
78 1 0 1 0 1 1 0 1 1 0 1 1 1 0 0 1 0 0 1 1 0 1 1 0 1 0 0 0 0 0 1 1 1 1 1 1 0 1 1 0 0 0 1 0 1 1 1 1 0 0 0 0 1 0 0 0 1 0 1 0 1 1 0 1 0 0 1 0 0 0 0 0 1 1 1 0 1 0
51 1 0 0 0 1 1 1 0 1 1 1 1 1 1 0 0 0 1 0 0 1 0 1 0 1 1 1 0 1 0 1 0 0 0 0 0 0 0 0 1 0 0 0 1 0 1 1 0 1 1 1
58 1 0 1 0 1 0 0 1 1 0 0 1 0 1 1 1 1 1 1 0 0 0 1 1 0 1 0 0 1 0 1 1 0 0 1 1 0 0 0 1 1 0 1 0 0 1 0 0 1 0 1 0 1 0 0 1 0 1
64 1 0 1 1 1 0 1 0 0 0 1 0 1 1 0 0 1 1 0 1 0 0 0 1 1 0 1 0 0 1 1 1 1 1 0 0 1 1 1 0 1 1 0 0 0 0 1 0 0 1 1 0 0 1 1 1 1 1 0 0 1 1 1 1
78 1 1 1 0 0 1 1 1 1 1 1 0 1 0 0 1 1 0 0 0 0 0 0 1 0 1 0 1 1 1 0 1 1 1 1 0 0 0 0 0 1 0 1 0 0 1 1 0 1 1 0 1 1 1 0 0 1 0 0 1 0 0 0 1 1 0 1 1 0 0 1 0 1 1 0 0 0 1
89 0 0 0 0 1 0 1 0 0 1 0 1 1 0 1 0 1 1 0 1 1 0 1 1 1 0 1 0 0 1 1 1 1 0 0 0 1 1 0 1 1 0 1 0 1 1 1 0 0 1 1 0 0 1 0 0 0 1 0 0 1 0 1 0 0 0 1 1 1 0 1 1 0 0 1 1 0 0 1 0 0 1 1 1 0 0 1 0 0
94 0 1 1 0 0 0 0 1 0 1 1 1 1 0 0 1 0 0 1 0 0 1 1 1 1 0 0 1 0 0 1 1 0 1 1 0 1 0 1 0 0 0 0 1 1 1 1 1 1 0 1 0 1 1 1 0 0 1 0 0 0 0 0 1 0 0 1 1 1 1 0 1 1 1 0 0 1 1 1 0 0 1 1 0 0 1 1 1 1 1 1 0 1 0
71 1 0 0 0 1 1 0 0 1 0 0 1 0 1 0 0 1 0 1 1 0 0 0 0 1 1 0 1 0 1 0 0 1 0 0 0 0 0 0 1 1 0 1 1 0 0 1 1 1 1 0 1 0 0 1 1 0 0 1 0 0 1 0 0 0 0 0 1 0 0 1
90 1 1 1 1 1 0 1 1 1 0 1 0 0 1 0 1 1 1 1 0 0 1 1 1 0 1 1 0 0 0 1 0 1 0 1 0 1 1 0 1 1 1 1 1 0 0 0 1 1 1 1 0 0 1 0 0 1 1 1 1 0 0 0 0 0 0 0 1 1 1 0 0 1 0 1 0 1 0 0 1 0 0 0 0 0 0 0 0 1 1
83 1 0 1 0 1 0 0 1 1 0 1 0 1 1 1 1 1 1 1 1 0 0 1 1 0 0 1 0 0 1 1 0 0 1 0 1 1 0 1 1 1 1 0 1 1 0 0 1 1 1 0 1 0 0 0 1 0 1 1 0 0 1 1 1 0 0 0 1 0 0 0 1 1 1 1 1 1 1 1 0 0 1 1
72 0 1 0 0 1 1 1 1 1 1 1 1 1 0 0 0 1 0 0 0 0 0 1 1 1 1 1 1 0 0 1 0 1 1 1 0 1 1 1 1 0 1 0 0 1 0 1 1 1 1 1 1 0 0 0 0 1 1 1 0 1 0 1 1 1 1 1 1 1 1 0 1
66 0 0 0 0 1 1 0 0 0 1 0 0 1 1 0 1 0 0 1 0 1 0 1 1 1 1 0 0 1 0 1 0 0 1 1 1 1 0 1 1 1 1 0 1 0 1 0 1 0 0 1 1 1 1 0 1 0 1 0 1 0 1 0 1 0 0
95 0 1 1 0 1 1 1 0 0 0 1 0 1 0 0 0 1 1 0 0 0 1 1 0 1 1 0 0 0 0 1 1 0 0 0 0 1 1 1 0 0 0 1 1 1 0 1 0 0 1 0 0 0 0 1 0 0 1 1 1 0 1 1 0 0 0 0 1 1 0 1 0 1 0 0 0 1 0 1 0 1 0 0 1 1 1 1 0 0 1 0 1 1 1 0
99 1 1 0 0 0 0 0 1 1 1 1 1 1 0 1 1 0 1 0 0 0 0 0 0 0 0 1 0 1 0 1 1 1 1 1 0 1 1 0 1 1 1 0 0 1 1 1 1 1 1 1 1 0 0 1 1 1 0 1 0 1 1 1 0 0 0 0 0 0 0 1 1 1 1 0 0 1 1 1 0 0 1 1 1 1 1 0 0 0 0 1 0 0 0 1 1 0 0 0
87 1 0 0 0 0 1 0 0 1 0 1 1 0 0 0 0 1 0 0 0 0 1 0 0 0 0 0 0 1 1 1 1 1 1 0 1 1 1 0 1 1 0 1 0 0 0 0 0 1 1 1 1 0 0 1 0 0 0 0 1 1 0 1 0 0 0 1 0 1 1 0 1 0 0 0 1 1 0 1 0 0 0 1 1 1 1 0
71 1 0 0 0 1 1 0 0 1 1 0 1 1 1 0 1 0 1 0 1 1 1 0 0 1 0 1 0 0 1 0 0 0 1 1 0 1 0 1 0 0 0 1 0 0 0 0 1 0 0 1 1 0 1 0 0 1 0 1 1 0 0 1 0 1 1 1 1 1 0 0
85 0 1 1 1 0 1 0 1 0 1 0 0 1 1 1 1 0 1 1 1 1 0 1 1 1 0 0 1 1 0 0 1 0 0 1 0 0 1 0 0 0 0 1 0 0 1 1 1 0 0 0 1 0 1 0 1 0 0 1 0 0 1 1 0 0 1 1 1 0 1 0 0 1 0 0 0 0 0 0 1 1 1 0 1 1
54 0 0 0 1 1 1 0 1 0 1 1 0 1 0 0 1 1 0 1 0 0 1 1 0 1 0 0 1 0 0 0 0 1 1 0 0 0 0 0 0 1 1 1 1 1 1 1 0 0 0 0 1 0 0
72 0 1 0 1 0 0 0 1 0 0 0 0 1 1 0 0 0 0 0 0 0 0 1 0 1 1 1 1 1 0 0 0 0 0 0 0 0 1 1 0 0 0 0 0 0 0 1 0 1 0 1 1 1 0 0 0 1 1 0 0 1 1 1 0 1 0 0 0 0 1 0 0
83 1 0 1 1 0 1 1 0 1 1 0 0 0 0 0 0 0 1 0 1 1 1 1 1 0 0 1 1 1 0 0 0 1 0 1 0 1 0 0 0 1 1 0 1 0 1 0 0 1 1 1 0 0 1 0 0 1 0 0 1 0 1 0 1 1 0 0 1 1 1 1 1 0 0 0 1 0 1 1 1 1 1 0
89 1 0 0 1 0 0 1 0 1 0 0 0 1 1 0 1 0 1 0 0 1 0 1 1 1 0 0 0 1 1 0 0 0 0 0 0 1 1 1 1 0 0 1 0 0 1 0 0 0 0 0 0 1 0 1 0 1 0 0 0 0 1 1 0 0 0 1 0 1 1 1 0 1 1 1 1 1 0 0 1 1 0 0 0 1 1 0 0 0
85 1 1 1 0 0 1 0 1 1 0 0 0 0 0 1 1 0 0 0 0 1 1 1 1 1 0 0 1 1 0 0 0 0 0 0 1 0 0 1 0 0 0 1 0 1 1 0 0 1 0 0 1 1 1 0 1 1 1 1 1 0 1 1 0 1 1 0 0 1 1 0 1 0 0 0 1 0 1 1 0 1 0 1 1 0
90 1 1 0 0 0 1 1 1 1 0 0 0 0 1 0 1 0 0 1 1 0 1 0 1 1 1 1 0 1 0 0 1 0 1 0 1 1 1 1 0 0 0 1 0 0 1 0 1 0 0 0 1 0 1 0 1 1 0 1 0 1 0 1 0 0 1 0 0 0 0 0 1 1 0 0 1 1 1 1 0 0 1 1 0 0 0 1 1 0 1
50 1 1 1 1 1 1 1 1 0 0 1 0 0 1 0 0 1 0 0 1 0 1 0 1 0 0 0 1 1 0 0 1 1 0 1 0 1 1 1 0 0 1 0 1 0 1 0 1 1 0
94 1 1 1 1 1 0 0 0 0 1 1 1 1 0 0 1 0 0 0 1 1 0 1 1 1 0 0 0 1 1 0 1 1 1 1 0 0 1 0 1 1 0 1 1 1 1 0 0 1 0 1 0 1 1 0 0 0 1 0 0 0 1 1 1 0 0 0 0 1 1 1 1 1 0 0 0 0 0 1 1 0 1 0 1 0 1 1 0 1 1 0 1 1 0
81 1 0 1 0 1 0 1 0 0 0 0 0 1 0 1 1 0 0 1 1 0 1 1 1 1 0 0 0 0 1 1 0 1 0 0 1 0 1 0 1 0 1 1 1 0 1 1 1 1 1 0 0 0 1 0 1 0 1 0 1 0 0 0 0 1 1 0 1 1 0 1 1 1 1 0 1 1 0 0 1 0
66 0 1 1 0 0 0 0 1 1 1 1 0 0 0 0 0 1 0 0 1 1 1 0 0 0 0 1 1 1 0 0 0 1 1 0 1 1 1 0 1 1 0 1 1 1 0 0 0 0 0 1 1 0 0 0 1 1 0 1 1 0 0 1 1 1 1
62 1 1 1 0 0 1 0 1 1 0 0 0 1 0 0 1 0 1 1 0 0 1 0 0 0 0 0 1 0 1 1 1 1 0 1 0 1 0 1 1 1 1 1 1 0 0 0 0 0 1 1 1 0 1 1 0 0 1 1 1 1 1
72 0 1 1 0 1 0 1 1 1 1 0 1 1 0 1 0 1 1 1 0 1 0 0 0 0 0 0 0 1 1 1 1 1 0 1 0 0 1 1 0 0 0 1 1 0 1 1 1 1 1 1 1 0 0 1 0 1 0 1 1 1 0 1 1 1 1 0 1 0 0 0 0
88 1 1 0 1 0 0 1 0 1 0 0 1 0 1 0 0 0 0 0 0 0 1 0 1 1 1 0 0 1 1 0 0 0 1 1 1 0 0 1 0 0 1 0 1 0 0 1 1 0 1 1 1 1 1 1 1 1 0 0 0 0 0 0 0 1 1 0 0 0 1 0 0 0 0 0 1 0 0 1 1 0 1 0 0 1 0 1 1
75 0 0 0 1 1 0 0 0 0 1 1 0 1 0 0 1 0 1 1 0 0 1 0 0 1 0 1 0 0 0 0 1 1 1 1 1 1 0 0 0 0 1 1 1 0 0 0 0 0 0 1 0 1 1 1 0 1 1 1 0 0 0 0 0 0 1 1 1 1 0 0 0 1 0 0
67 1 1 0 0 0 1 1 1 0 0 0 0 1 1 0 0 1 0 0 1 0 1 1 1 0 1 0 0 0 1 0 0 0 0 1 1 1 1 1 1 1 1 1 0 1 0 1 1 0 0 1 1 0 0 0 0 1 1 1 0 0 0 1 1 0 1 1
66 1 1 0 1 0 0 0 1 1 1 0 1 0 1 1 0 0 0 0 0 1 0 1 0 0 0 0 0 1 0 1 0 0 1 1 0 1 0 0 1 1 0 1 0 0 1 0 1 0 0 1 1 1 0 1 0 1 0 1 1 1 0 0 0 0 1
58 1 0 1 0 0 0 1 1 0 1 1 0 1 0 1 1 1 0 0 1 0 1 0 1 0 0 0 0 0 1 1 0 1 0 1 0 1 1 1 1 1 1 0 1 0 0 1 0 0 1 0 0 0 1 0 0 1 1
82 0 1 1 0 1 0 1 0 1 0 1 0 1 0 1 1 1 0 1 1 0 1 0 0 0 0 0 1 1 0 0 1 1 1 0 1 0 0 0 1 1 0 1 0 1 1 0 0 1 1 1 0 0 0 0 1 1 1 0 0 0 1 1 0 1 1 0 0 1 0 1 0 1 0 1 1 0 0 0 1 0 0
77 0 0 1 1 0 1 1 0 1 1 1 1 0 0 0 1 0 1 1 1 1 1 0 0 1 1 1 1 1 0 1 1 0 0 0 0 0 1 0 1 0 1 1 1 0 0 1 1 0 0 1 0 1 0 1 1 0 1 0 0 0 0 0 1 1 1 0 1 0 0 1 1 1 1 0 1 0
92 0 0 1 0 0 1 1 1 1 1 0 0 1 1 1 1 1 1 0 0 0 1 1 0 0 1 1 1 0 0 1 1 1 1 0 1 0 0 1 1 0 0 0 1 0 1 1 1 1 0 1 0 0 1 1 0 0 1 0 0 0 0 0 1 0 1 0 1 0 0 0 0 0 1 0 0 0 0 1 1 0 0 1 0 0 1 0 0 0 0 0 0
91 0 0 1 0 0 0 0 0 0 0 1 1 0 0 0 1 1 0 1 0 1 0 1 1 0 1 1 1 1 0 0 0 0 1 0 1 0 1 0 0 0 0 0 0 1 1 1 0 1 0 1 0 1 0 1 1 0 0 0 0 1 1 0 0 0 0 1 0 1 0 0 1 0 0 0 0 0 0 1 1 1 0 0 0 0 0 0 0 1 1 1
99 1 1 1 0 1 1 1 1 0 1 1 1 0 1 0 1 1 1 0 1 1 1 0 0 0 1 0 1 0 1 0 1 0 0 0 0 1 1 0 1 1 0 1 0 1 0 1 0 0 0 1 0 1 0 0 1 0 0 1 0 1 1 0 0 0 0 1 1 0 0 0 1 1 0 0 1 1 0 1 1 1 1 1 1 0 1 0 1 0 0 1 1 0 0 1 0 1 0 1
71 1 0 1 0 1 0 1 0 0 0 0 1 0 1 1 0 0 0 0 0 1 0 1 0 0 1 0 1 0 0 1 0 0 0 0 1 1 0 0 0 1 1 1 1 0 1 1 0 1 0 0 0 1 1 0 0 0 0 1 1 0 1 1 1 0 0 0 0 1 0 1
98 0 0 0 1 1 0 1 1 0 1 0 0 0 0 0 0 0 1 0 0 1 1 1 0 0 0 1 1 0 1 1 0 0 1 0 0 0 0 0 0 0 1 1 1 1 1 1 0 1 0 0 1 1 1 0 0 1 1 0 1 1 0 1 1 1 0 1 1 0 1 1 0 1 1 0 0 0 1 0 0 1 1 1 0 1 0 1 1 1 1 0 0 1 0 0 1 1 0
70 0 1 0 0 0 0 1 0 1 0 0 1 0 1 1 0 1 1 0 0 1 1 1 0 1 1 0 1 1 1 1 1 1 0 0 1 0 0 1 0 0 0 1 1 0 0 0 0 0 1 1 0 0 1 0 1 1 1 0 1 0 1 1 1 0 0 0 0 1 0
51 0 0 1 1 1 1 1 1 1 1 1 1 0 0 1 1 1 0 0 1 1 0 1 1 1 0 0 1 1 0 1 1 0 0 0 0 0 1 1 1 0 1 1 0 1 0 0 0 0 1 1
64 0 0 1 0 0 0 0 1 1 0 1 1 0 0 0 0 1 1 0 1 0 1 0 0 0 1 1 1 1 0 1 1 1 0 0 0 0 1 0 1 0 0 1 1 1 1 0 0 0 0 0 0 0 1 1 1 0 1 1 1 0 0 1 1
87 0 0 1 0 1 0 1 1 0 1 1 1 1 0 1 0 1 0 0 0 1 1 1 1 1 0 1 1 0 1 1 1 1 0 0 0 1 1 1 1 0 0 0 1 0 1 1 0 0 1 0 1 1 0 0 0 1 1 1 0 0 0 0 0 1 1 0 0 0 1 0 0 0 0 0 1 0 0 0 0 1 0 0 0 1 0 1
81 1 0 1 0 0 0 0 1 0 1 1 1 1 0 0 0 0 1 1 0 0 1 0 0 1 1 0 0 0 1 1 0 0 0 0 0 0 0 0 1 0 0 0 1 0 1 0 1 0 1 0 0 0 0 0 0 0 1 0 0 0 1 1 0 1 0 0 1 1 1 1 0 0 0 0 1 0 1 1 1 1
73 1 1 1 1 0 0 1 1 1 0 0 1 0 1 1 0 1 1 1 1 1 0 1 1 0 0 1 1 0 1 0 0 0 1 0 0 0 0 0 1 1 0 1 0 0 0 0 0 0 0 0 1 1 1 0 1 0 1 1 1 1 0 0 0 0 1 1 1 0 1 0 0 0
54 0 0 0 1 1 0 1 1 1 0 1 1 1 1 0 1 0 1 0 1 0 1 0 1 1 1 1 1 0 1 0 1 0 1 1 0 1 0 0 0 1 1 1 0 1 0 1 0 1 0 0 1 1 0
70 0 0 0 0 0 0 0 1 0 1 1 0 0 0 0 1 1 0 0 0 0 1 0 0 0 0 1 0 0 0 1 0 0 0 0 1 1 1 1 0 0 1 0 0 0 0 0 0 1 1 0 1 0 0 1 1 1 0 0 0 0 1 0 1 0 0 0 1 1 0
96 1 0 1 1 1 0 0 1 1 0 0 1 0 1 0 1 0 0 0 0 1 1 0 1 0 1 1 0 0 1 1 0 0 1 0 0 1 0 1 0 1 1 1 1 1 1 1 1 1 0 1 1 0 0 0 1 1 0 0 0 1 1 1 1 0 1 1 0 0 1 0 0 1 1 0 1 1 0 1 0 0 1 1 0 0 1 0 1 0 0 1 0 1 1 1 0
60 1 0 0 1 0 0 1 0 1 0 0 1 0 1 0 0 1 1 0 1 1 1 1 0 1 0 1 1 0 0 1 1 1 1 0 0 1 1 0 1 1 1 0 1 1 1 1 1 0 1 0 1 0 0 1 0 0 1 0 0
67 0 0 0 1 1 1 0 0 1 0 1 0 1 1 1 0 0 1 0 0 0 0 1 1 0 1 1 1 0 0 1 1 1 1 1 0 1 0 1 0 0 0 0 0 0 0 0 0 1 0 0 0 0 0 1 1 0 1 1 0 0 0 0 0 0 1 0
86 1 1 0 1 0 1 0 1 1 1 0 0 0 0 0 0 0 1 0 0 1 1 1 0 1 0 0 0 1 0 1 1 1 0 1 1 1 0 0 0 1 1 0 0 1 0 1 0 0 1 1 0 1 0 1 1 1 1 1 0 0 0 0 1 1 0 1 0 1 1 0 0 1 0 1 0 1 1 0 1 1 1 0 0 1 1
76 1 0 0 1 0 1 0 0 0 0 1 0 0 0 0 1 0 1 0 0 1 0 0 1 1 0 0 0 0 0 1 1 1 0 0 0 0 0 1 1 1 0 0 0 0 0 0 1 0 0 1 1 0 0 1 1 0 1 1 0 0 0 1 0 0 0 0 0 1 0 0 0 0 1 0 1
70 0 1 0 0 0 1 1 1 0 0 0 1 1 1 0 0 1 1 0 0 0 0 0 1 1 0 0 0 0 0 1 1 1 1 0 0 0 1 0 0 0 1 1 0 1 0 0 0 0 1 1 1 0 1 1 1 0 1 0 1 1 0 1 1 1 1 1 0 1 0
63 1 0 1 0 0 1 0 1 0 0 0 1 1 0 1 0 1 0 0 0 0 1 0 0 0 0 0 1 0 0 1 1 0 1 0 1 1 1 1 0 0 0 1 0 0 1 1 0 0 0 0 0 0 0 0 0 1 0 1 1 1 1 1
59 0 1 0 0 0 0 1 0 1 1 1 0 0 0 1 0 1 1 0 0 0 1 1 1 0 0 0 0 0 1 0 1 1 0 1 1 1 1 1 1 0 1 0 0 1 0 1 1 0 0 0 1 0 1 1 1 1 1 1
91 0 1 0 1 0 0 0 1 1 0 1 0 1 0 1 1 1 0 1 1 0 0 1 0 0 1 1 1 1 1 1 0 0 0 1 0 0 1 1 1 0 1 1 0 0 1 1 1 0 0 0 1 0 1 0 1 0 1 0 0 0 1 1 1 0 1 1 1 0 1 1 0 1 0 1 1 0 0 1 1 1 0 1 1 1 0 0 0 0 1 0
59 0 1 0 1 0 0 1 1 0 0 1 0 0 0 0 1 1 1 0 1 1 0 0 0 1 1 1 1 0 1 1 0 0 1 0 1 1 1 1 1 1 1 0 0 0 1 1 1 1 1 1 1 1 1 0 0 0 0 0
