100
64 1 0 0 0 1 0 1 0 0 0 0 1 0 0 0 1 1 1 0 0 0 1 1 1 1 1 1 1 0 1 1 1 0 1 1 0 1 0 0 1 1 1 0 0 0 1 0 0 1 0 1 1 0 1 0 0 1 1 1 0 0 1 0 1
93 0 0 1 0 0 0 0 0 0 1 0 1 0 0 1 0 1 1 1 0 0 0 1 0 0 1 1 0 1 1 0 0 0 1 0 1 0 0 1 0 0 1 0 0 1 0 0 1 1 0 0 1 0 0 1 1 1 0 0 1 1 1 0 0 0 0 0 1 0 0 0 0 1 0 0 0 1 0 0 0 0 1 0 1 1 1 0 1 1 0 0 0 0
98 0 1 0 0 0 1 0 1 0 0 0 0 1 1 1 0 0 1 0 1 1 1 0 1 1 1 1 1 0 0 0 0 1 0 0 1 1 0 0 0 1 0 0 1 1 0 1 0 0 0 1 0 1 1 0 0 1 1 0 0 0 0 0 0 1 0 0 0 0 1 0 0 1 1 1 0 0 1 1 1 0 0 1 1 0 1 1 0 1 0 0 1 1 1 1 0 1 0
78 0 1 0 1 0 1 0 0 0 1 1 0 1 0 1 0 0 0 0 1 0 1 1 1 0 0 0 1 0 1 0 1 1 0 1 0 0 1 1 1 1 1 1 0 1 1 1 1 1 1 1 1 1 1 1 1 0 1 1 0 1 0 1 0 1 1 1 1 0 1 1 1 0 0 0 1 1 0
74 0 1 1 1 0 1 1 0 1 0 0 0 0 1 0 1 1 0 0 1 1 1 0 0 0 0 1 1 1 0 0 1 1 0 1 0 0 0 0 1 1 0 0 1 0 1 1 1 0 1 1 0 0 1 0 0 1 0 1 1 0 1 0 0 0 0 1 1 1 1 0 0 0 0
50 0 1 1 1 0 0 1 1 0 1 1 1 1 0 1 1 1 0 0 0 0 1 0 0 1 1 1 0 1 0 0 1 1 0 1 0 0 0 1 0 1 1 0 1 0 1 0 0 0 1
93 0 0 0 1 0 1 1 1 1 1 0 0 1 1 0 1 1 1 1 1 0 0 0 0 1 0 1 0 1 1 1 0 1 1 1 1 1 0 0 1 1 1 1 0 0 0 0 0 0 0 1 0 1 1 0 1 1 0 1 0 1 0 1 0 1 0 1 0 0 0 0 1 0 0 1 1 1 0 1 0 0 1 0 1 1 1 0 0 0 0 1 1 1
54 1 0 1 1 1 0 0 0 0 0 1 1 0 1 1 1 1 1 1 0 0 1 0 1 1 0 0 0 1 1 0 1 1 1 1 0 1 1 0 1 1 0 0 1 0 0 0 0 1 0 1 0 0 1
77 1 0 1 1 1 1 0 1 0 0 1 0 1 0 0 0 1 0 0 0 1 1 1 1 1 1 0 0 0 0 1 0 1 1 1 1 1 1 1 1 1 1 1 1 0 1 0 1 0 0 0 0 0 0 1 0 1 1 1 0 1 0 0 0 0 0 1 1 0 1 0 0 1 1 1 1 1
54 1 0 0 0 1 1 1 1 0 1 1 1 1 1 0 0 1 1 0 1 0 0 0 0 0 0 1 1 1 1 0 1 1 1 1 1 0 0 1 1 1 0 0 1 0 0 0 1 0 1 0 1 0 1
71 0 1 1 0 1 0 0 0 0 0 1 0 0 0 0 1 1 0 0 0 0 1 1 0 0 1 0 0 0 0 1 0 1 1 0 1 0 1 1 0 1 1 1 1 0 0 0 1 1 1 0 0 1 0 0 1 0 0 0 1 0 0 1 1 0 1 1 0 0 1 0
60 1 1 1 1 0 1 0 0 0 1 1 1 1 1 1 0 1 1 1 0 0 1 0 0 0 1 1 0 1 0 1 0 0 0 1 1 1 0 0 0 0 1 0 0 0 1 0 0 1 0 0 0 0 1 0 0 1 0 0 0
98 0 0 1 0 0 1 1 1 1 0 1 0 1 0 0 0 1 0 0 1 1 1 1 1 0 0 0 0 1 0 1 1 0 0 0 1 0 0 0 0 0 1 1 0 1 1 1 0 1 1 1 1 1 1 0 1 0 0 0 0 0 0 0 0 1 0 0 0 0 1 1 1 1 1 1 1 0 1 1 0 0 0 0 0 0 0 1 0 0 1 1 0 1 1 0 1 0 1
85 0 1 1 1 1 1 0 1 1 0 0 0 0 0 1 1 1 1 1 0 1 0 1 1 1 1 1 0 1 0 0 1 1 1 1 0 0 1 1 0 1 1 1 0 0 0 1 0 1 1 1 1 0 1 0 1 1 1 1 1 1 0 1 1 1 0 1 0 1 1 1 1 0 1 0 1 1 0 1 0 0 0 0 0 0
74 0 1 0 1 1 0 1 1 1 0 0 1 0 0 1 1 1 0 0 0 1 1 1 0 0 0 0 0 0 1 1 0 1 0 0 1 1 0 0 0 0 0 1 1 0 0 0 1 1 0 1 0 0 0 0 0 0 0 1 0 0 0 0 0 1 0 0 0 1 0 0 1 0 1
87 0 0 1 1 1 1 0 0 0 0 1 0 0 1 0 0 1 1 0 0 1 1 0 0 0 1 1 0 1 1 1 1 1 1 1 1 0 0 0 1 1 0 1 1 0 0 0 0 0 0 0 1 1 0 0 1 0 1 1 0 1 0 1 0 0 1 0 1 0 1 1 0 0 1 1 0 1 0 0 1 1 0 1 1 1 0 1
99 0 0 1 1 0 0 0 0 0 0 0 1 0 0 0 0 1 1 0 1 0 0 1 1 0 1 1 1 0 0 1 1 1 1 0 0 1 1 0 0 0 0 0 1 1 1 0 0 1 0 1 0 0 0 1 1 0 1 1 0 0 0 1 0 0 1 0 0 0 0 0 1 0 0 0 1 1 1 0 0 1 1 0 1 1 1 1 1 0 0 1 0 1 1 0 0 0 1 0
58 1 1 1 1 0 0 0 1 1 0 0 1 1 0 0 0 0 0 1 0 0 0 1 0 0 0 1 1 0 0 0 0 0 0 1 1 0 0 1 0 1 0 1 1 1 0 1 0 1 0 1 1 1 1 0 0 0 0
80 1 0 1 1 0 0 1 0 1 0 0 1 1 1 1 1 0 0 0 0 0 1 1 1 0 0 1 0 1 1 1 0 1 1 0 0 1 1 1 1 0 1 1 0 1 0 0 0 1 1 0 0 0 0 1 0 1 1 1 0 0 1 1 0 1 0 0 1 0 1 1 0 1 0 1 1 1 0 1 0
96 1 0 1 1 1 1 0 0 1 1 0 1 0 1 0 0 1 1 1 1 0 1 0 1 0 0 0 0 0 1 1 1 1 1 0 0 1 1 0 1 0 0 1 0 1 1 0 1 0 0 1 0 1 1 1 0 0 1 0 0 1 1 1 0 0 0 0 0 0 1 1 0 0 0 0 0 1 1 0 0 1 1 1 1 1 1 1 1 0 0 1 0 1 0 1 0
59 0 0 0 0 0 1 0 0 1 1 1 0 1 1 1 1 0 1 1 1 0 1 1 0 0 1 0 0 0 0 0 1 0 0 1 1 0 1 1 1 0 1 0 0 1 1 1 1 1 0 1 0 1 1 1 1 1 0 0
87 0 1 1 1 1 1 0 0 1 1 1 0 0 1 1 0 1 1 0 1 0 0 0 0 1 0 1 0 0 0 1 0 1 0 1 1 0 0 0 0 0 1 0 1 0 1 0 0 1 0 1 1 1 1 0 0 0 0 1 0 1 1 0 1 1 0 0 1 1 0 1 1 1 0 1 0 0 0 0 1 0 1 0 1 1 0 1
79 1 1 0 0 0 0 0 0 0 1 1 0 1 1 0 1 0 0 0 1 0 1 1 0 1 0 1 1 1 1 1 0 1 0 0 0 0 0 0 1 0 0 1 0 1 1 0 0 1 1 0 0 0 1 1 1 1 1 1 0 1 0 1 0 0 1 0 0 1 1 1 0 1 1 1 1 1 1 0
61 0 0 0 1 0 1 1 0 0 1 0 0 0 1 1 0 1 1 0 1 1 1 0 0 1 0 0 1 0 0 0 0 0 1 1 0 1 0 0 1 0 0 1 1 0 1 1 1 0 0 0 1 0 1 0 0 0 1 0 1 0
68 0 0 0 0 1 0 0 1 1 0 0 0 0 1 1 0 0 0 1 1 1 1 1 1 1 1 0 1 0 0 1 0 0 0 0 1 0 0 0 0 1 1 1 1 0 1 1 0 1 1 1 0 1 1 0 1 1 1 0 0 0 0 0 1 0 0 1 0
80 0 1 0 0 0 1 0 0 1 0 1 1 1 0 1 1 1 0 0 0 0 1 0 1 1 0 1 1 0 1 1 0 1 1 1 0 0 0 1 1 1 1 0 1 0 0 1 0 1 1 0 1 1 1 0 0 0 0 0 0 0 0 0 1 0 1 1 1 1 1 0 1 0 1 1 0 0 1 0 0
90 0 0 0 0 0 1 1 1 1 0 1 0 0 1 1 1 1 0 0 1 1 0 0 1 0 1 1 1 0 1 0 0 0 0 1 1 1 0 1 0 1 0 1 0 0 1 0 0 1 1 1 0 1 1 0 0 0 1 0 1 0 1 0 1 0 1 1 1 1 1 1 1 0 0 0 0 0 1 1 1 0 1 1 0 0 0 1 1 0 1
61 0 1 1 1 0 1 0 1 1 0 0 0 1 0 1 1 0 1 1 0 0 0 0 1 1 1 1 1 0 1 0 0 1 1 1 1 0 0 1 1 1 0 0 1 0 0 0 1 0 1 1 0 1 1 1 0 1 1 1 0 0
53 1 0 0 1 1 1 1 0 1 1 1 1 1 1 1 0 0 1 1 1 1 0 0 1 0 0 1 1 1 0 0 0 0 0 0 0 1 1 1 1 0 0 1 0 1 0 1 1 0 1 1 1 0
67 0 1 0 0 0 0 1 1 1 1 0 0 1 0 0 1 0 0 0 0 0 0 0 1 0 1 1 0 1 0 1 1 1 1 1 1 1 0 0 1 0 0 0 0 1 0 1 0 0 1 1 1 1 1 0 1 1 1 0 0 1 0 1 0 1 0 1
50 0 0 1 1 1 0 0 0 1 0 0 1 1 0 0 0 0 0 0 1 1 1 1 0 1 0 1 0 0 1 0 1 1 1 1 0 1 0 1 1 0 0 0 0 1 1 0 1 1 1
57 0 0 1 0 1 0 0 0 1 0 0 0 0 0 1 0 1 0 1 0 1 0 1 0 1 0 0 1 1 1 1 1 1 1 0 0 1 0 1 1 1 0 1 0 1 0 0 0 0 0 1 1 0 1 0 1 1
75 0 1 0 0 1 0 1 0 1 1 0 0 0 1 1 1 0 1 1 0 1 1 0 0 1 1 1 1 0 1 0 0 0 0 0 1 1 0 0 1 1 0 1 1 1 0 1 1 1 0 1 0 1 1 0 0 0 1 0 0 0 0 1 0 1 1 1 1 1 1 1 0 0 0 0
99 1 0 1 1 0 0 0 0 0 0 1 0 1 0 1 0 1 1 1 0 1 0 1 1 0 1 0 0 0 1 1 1 1 1 1 0 1 0 0 1 1 1 0 0 0 0 0 0 0 0 0 0 0 0 0 1 0 0 0 0 1 0 1 0 1 1 0 0 1 1 0 1 1 0 0 0 0 1 0 1 0 1 0 0 0 1 1 0 0 0 0 0 1 1 0 0 0 0 1
100 0 0 1 0 1 0 1 1 0 0 0 0 1 0 1 0 0 1 1 1 0 0 1 1 0 1 0 1 0 0 0 1 1 0 1 0 1 1 1 1 1 0 0 1 0 1 1 1 0 1 1 0 0 0 1 0 1 0 1 1 1 1 1 1 1 1 0 0 1 0 0 1 0 1 1 0 1 0 1 0 1 1 1 0 0 1 1 0 0 0 0 0 0 0 0 0 0 0 1 1
87 1 1 0 1 0 0 0 1 0 1 0 1 1 0 1 1 0 1 1 1 1 0 0 1 1 1 0 1 1 0 0 1 0 0 1 1 0 0 1 1 0 0 1 0 1 1 1 1 0 0 0 0 1 1 0 0 0 1 1 0 1 0 0 1 0 0 0 0 1 0 0 1 1 0 1 0 1 1 0 0 0 1 0 0 0 1 1
76 1 1 1 1 0 0 1 0 1 0 1 1 0 0 1 1 0 1 1 0 1 1 0 0 0 0 1 0 1 0 0 0 1 1 0 1 0 1 1 1 0 0 1 1 1 0 1 0 0 1 1 1 0 1 1 0 1 0 0 1 1 0 0 0 1 0 0 1 0 1 1 0 0 0 1 1
64 1 1 0 0 1 1 1 1 1 1 0 1 1 1 0 1 0 0 0 0 0 0 1 0 1 1 0 1 0 0 1 0 0 1 1 1 1 0 0 0 1 0 1 0 0 0 0 1 1 1 1 1 0 0 1 1 1 0 0 0 1 1 0 0
74 0 1 1 1 0 0 1 0 1 0 0 0 1 1 0 1 0 0 1 1 1 1 1 1 0 1 0 0 0 0 1 1 1 1 1 0 1 0 0 0 1 1 1 1 1 0 1 1 1 1 1 0 0 1 1 0 1 0 0 1 1 0 0 1 0 1 0 0 1 1 0 1 0 0
80 1 1 1 1 1 1 0 1 1 0 0 1 1 1 0 0 1 1 1 0 1 1 1 0 0 0 1 0 1 0 0 1 0 0 0 0 0 0 1 1 0 1 1 0 0 1 1 0 0 1 1 0 1 0 1 0 0 1 0 1 0 1 0 0 1 0 1 0 1 1 0 0 1 1 1 1 1 0 1 1
61 1 1 0 1 0 1 1 0 0 0 1 0 1 0 1 0 0 1 0 0 0 1 1 1 0 0 0 0 1 0 1 1 1 1 1 1 0 1 0 0 0 0 1 1 0 1 0 1 1 1 1 0 1 0 0 0 1 1 0 0 1
64 1 0 0 0 1 1 0 1 1 1 1 0 1 0 1 0 1 0 1 1 0 0 1 1 1 0 0 1 1 1 1 1 0 0 0 0 1 1 0 1 1 0 1 0 1 1 0 0 1 1 1 1 1 1 0 1 1 1 0 1 0 1 0 0
75 0 1 1 0 1 1 0 1 1 1 0 0 0 0 0 1 1 0 0 0 0 1 1 0 1 0 0 1 1 1 1 0 0 1 0 1 0 1 1 0 1 1 0 0 1 1 0 0 0 1 1 1 1 1 1 1 1 0 1 0 0 1 1 1 1 0 0 1 1 0 0 1 1 1 0
89 1 0 1 0 0 1 1 1 1 1 0 1 1 0 0 0 0 1 1 1 0 1 0 1 0 1 1 0 0 1 0 0 0 1 0 0 1 1 0 0 0 0 1 0 0 1 0 0 1 1 0 1 1 0 0 0 0 1 0 1 1 1 0 0 1 0 1 1 1 0 0 0 1 1 0 1 1 1 0 1 0 0 1 0 0 1 0 0 0
84 1 1 1 1 0 1 0 1 1 1 1 1 0 0 0 0 1 0 0 1 0 0 1 1 1 1 1 1 0 1 1 1 0 0 0 0 1 1 1 0 0 0 1 0 1 1 1 0 1 1 1 0 0 1 1 1 0 0 1 0 1 0 0 1 0 0 1 1 1 0 1 1 0 1 0 0 1 0 0 0 1 1 1 0
51 1 0 1 0 0 1 1 1 1 0 0 1 1 1 0 0 1 1 0 1 0 0 1 0 1 0 0 1 1 1 1 1 1 1 0 1 1 1 0 1 0 1 1 1 1 0 0 0 0 0 1
79 0 0 1 0 0 0 1 1 1 1 1 0 0 1 0 0 1 1 0 1 1 1 0 1 0 1 0 0 1 0 1 0 1 1 1 0 1 1 0 0 0 0 1 0 1 0 0 1 0 1 0 0 1 0 1 1 0 0 0 1 1 1 0 1 1 1 0 0 1 1 1 0 1 0 0 1 0 1 1
62 1 0 1 1 0 0 0 1 1 0 0 1 1 0 1 0 0 0 0 0 1 1 1 0 1 0 0 0 1 0 1 0 1 1 1 1 1 1 1 1 0 1 1 0 0 1 1 1 1 0 1 0 0 0 0 0 1 0 1 1 1 0
71 0 1 1 1 0 0 1 0 0 1 0 0 0 0 1 0 1 0 1 1 1 1 0 1 0 0 1 1 1 0 1 0 1 0 0 0 1 1 1 0 0 1 1 1 0 0 1 1 1 0 1 0 0 0 1 0 1 1 1 1 0 0 0 1 1 0 1 1 1 0 0
76 0 1 0 1 1 1 1 0 0 1 1 1 0 1 1 0 1 1 1 0 0 1 0 0 0 1 0 1 1 1 1 0 0 0 1 0 1 1 1 1 1 1 1 0 0 0 1 0 1 1 1 1 0 1 0 0 1 1 0 1 0 1 0 0 1 1 1 1 0 1 1 1 1 0 0 0
67 0 0 0 1 1 0 1 1 1 0 1 0 0 0 0 1 1 0 1 1 1 0 0 1 0 0 1 0 1 1 1 0 0 1 0 0 0 0 1 0 0 0 0 1 0 0 0 1 1 0 1 1 0 1 0 1 1 0 0 1 1 1 0 0 1 0 0
59 1 0 0 0 1 0 0 0 1 0 0 0 1 1 1 1 1 1 0 1 0 0 0 1 1 0 0 0 1 1 0 1 1 1 1 1 1 0 0 1 1 0 0 0 0 1 0 0 1 0 1 1 1 0 1 1 1 1 1
60 1 1 0 0 1 0 1 1 0 0 0 0 1 1 1 1 0 0 0 1 1 0 1 0 1 0 1 1 0 1 0 0 0 1 1 1 0 0 1 1 0 1 1 0 0 0 0 1 0 1 1 0 1 0 0 0 0 1 1 0
54 0 0 1 0 0 1 0 1 0 1 0 1 1 0 0 0 1 0 1 0 1 0 1 1 1 1 0 1 0 1 0 1 1 1 1 0 1 0 0 1 1 1 1 0 0 1 1 1 0 1 1 1 1 0
71 0 0 0 1 1 1 0 0 0 0 0 0 1 1 1 1 0 1 0 0 1 1 0 1 1 0 1 1 1 0 1 1 0 1 1 1 0 0 1 1 0 1 0 0 1 1 1 1 1 1 1 0 1 1 0 0 0 1 0 0 0 0 0 0 0 1 0 0 0 0 1
54 1 0 0 1 1 1 0 0 1 0 0 0 0 0 1 0 1 0 1 1 1 1 1 0 0 0 1 1 1 0 1 1 1 1 1 0 1 0 1 0 0 1 0 1 1 0 0 1 1 0 0 1 0 1
90 1 0 0 1 0 1 1 0 0 1 0 0 1 1 0 0 0 0 1 1 0 1 0 0 0 1 1 0 0 0 0 1 0 1 1 0 1 0 0 0 1 0 1 1 0 1 0 1 0 1 0 0 0 1 1 1 1 1 1 1 1 0 0 1 0 1 1 0 1 0 1 0 0 1 1 1 1 0 0 1 1 1 1 1 0 0 0 0 0 0
52 0 1 1 0 0 1 1 1 1 0 0 1 0 0 0 1 0 1 1 1 0 0 1 1 1 1 1 0 0 0 1 0 0 1 1 1 1 1 0 1 1 1 1 0 0 0 1 1 1 0 1 1
72 1 1 0 0 0 0 1 1 0 1 1 0 0 1 0 0 1 1 0 0 1 1 1 0 0 0 0 0 0 0 1 1 1 0 1 1 0 0 0 1 1 0 0 0 0 1 0 0 1 0 0 0 0 1 1 0 0 1 1 1 1 0 1 1 1 1 0 0 1 1 0 1
97 1 0 1 0 1 0 0 1 0 0 0 1 0 1 0 1 1 1 0 1 1 1 0 0 0 1 1 0 0 0 0 0 1 0 0 1 1 0 0 1 1 1 1 0 0 1 0 1 0 1 1 0 0 0 0 1 1 1 0 0 0 0 1 1 1 0 0 0 0 1 1 1 1 1 1 1 0 0 0 0 0 0 1 1 1 0 0 0 0 0 1 1 0 1 1 1 1
55 0 0 1 0 1 0 1 0 1 0 1 1 0 1 0 0 0 1 0 1 1 0 1 1 0 1 0 1 1 0 1 0 1 0 1 1 1 0 1 1 0 1 0 1 1 0 0 1 0 1 0 1 1 0 0
99 1 0 1 1 0 1 0 0 0 0 1 1 1 0 1 0 0 0 1 0 1 0 1 0 1 1 0 0 0 0 1 0 1 1 1 1 1 0 1 0 0 0 0 0 1 0 1 0 1 0 0 0 1 1 1 1 1 1 1 0 1 1 1 0 0 0 1 0 0 0 1 1 1 1 0 1 0 1 0 1 0 0 1 0 0 1 1 0 1 1 1 1 1 1 0 0 1 0 0
82 1 1 0 1 0 0 1 1 0 1 1 0 0 0 0 1 0 1 0 1 0 1 1 1 1 0 0 1 1 0 0 1 1 0 1 0 1 0 0 0 1 0 1 1 1 0 0 1 1 1 1 0 1 1 0 1 1 0 0 1 1 0 1 0 1 0 0 0 0 0 0 1 1 1 1 0 0 0 1 0 1 1
74 1 0 1 0 0 0 1 0 0 0 1 1 0 0 0 0 1 0 1 1 0 1 0 0 0 0 1 1 1 0 1 0 1 1 0 1 0 0 1 0 0 1 1 1 0 0 1 1 0 1 0 0 1 1 0 0 1 1 0 1 1 0 0 0 0 1 0 0 0 1 1 1 0 0
75 1 0 0 1 1 1 1 1 1 1 0 1 0 1 1 0 1 0 1 0 0 1 0 1 0 0 1 0 1 1 0 1 0 0 1 0 0 1 1 1 1 1 0 1 1 0 1 1 1 0 1 0 0 0 0 1 0 1 0 0 0 1 1 1 0 0 0 1 0 0 0 0 0 0 0
82 0 1 0 1 0 1 1 1 0 0 0 1 1 1 0 1 0 0 1 0 0 1 1 0 0 1 0 1 1 0 1 1 0 1 1 1 1 1 1 1 1 0 0 0 0 0 1 1 0 0 1 1 0 0 1 1 0 0 0 0 1 0 0 0 0 1 0 0 0 0 0 1 0 1 0 1 0 0 0 0 1 1
98 0 0 1 1 1 0 1 0 0 1 0 0 0 0 1 1 1 0 1 1 0 0 1 0 1 0 1 0 0 1 0 0 1 0 0 1 1 0 0 1 1 0 1 0 1 1 1 1 0 0 0 1 1 0 1 0 1 0 1 1 1 0 0 1 1 1 0 1 0 1 0 1 1 1 0 1 1 1 0 0 0 0 1 1 0 1 1 0 1 0 0 1 0 0 1 1 1 1
67 0 1 0 1 0 1 1 1 0 0 0 0 1 0 0 1 1 1 1 1 1 1 0 0 0 0 0 1 1 0 0 0 0 1 1 1 1 0 1 1 1 0 0 0 0 0 1 1 0 1 0 0 1 0 1 1 0 1 1 1 1 0 1 0 0 1 0
81 0 1 1 0 0 0 0 0 0 1 1 0 1 1 0 1 0 1 1 1 1 1 1 1 0 0 0 0 1 1 1 0 1 0 1 1 1 0 0 1 0 1 0 0 0 0 1 1 1 0 1 0 1 0 0 1 0 1 0 0 1 0 0 1 1 1 0 1 0 1 1 0 1 0 0 0 1 0 0 0 0
96 1 1 1 1 0 0 1 0 0 0 0 1 0 1 1 0 1 1 1 0 1 1 1 1 1 0 1 1 0 1 1 0 1 0 1 0 0 1 1 1 0 0 0 1 0 1 1 0 0 1 1 1 0 0 1 0 1 0 0 0 0 1 0 0 1 1 1 1 1 0 1 0 1 0 0 0 0 1 0 0 0 1 1 0 0 1 1 0 1 0 0 0 1 0 0 0
53 1 1 1 1 1 1 1 0 1 1 0 0 0 1 1 0 1 1 1 0 0 0 1 0 0 0 1 0 0 1 0 1 1 1 0 1 1 0 1 1 1 0 0 0 0 1 1 0 1 1 1 0 1
90 0 0 0 0 0 0 0 1 0 0 1 1 1 1 0 0 0 0 0 0 1 0 1 1 0 1 1 0 0 0 0 1 1 0 0 0 0 1 1 1 0 0 0 0 0 1 0 0 1 1 0 0 0 0 0 0 0 0 0 0 0 1 0 1 0 0 0 1 1 0 0 1 1 0 0 1 1 1 1 0 1 1 1 0 1 1 1 0 0 0
68 1 1 0 1 1 1 0 1 1 1 0 0 1 0 1 1 0 0 0 1 1 1 0 1 0 1 0 1 0 1 0 1 0 0 1 0 0 0 1 0 0 1 1 1 0 0 0 1 0 0 0 0 0 1 1 0 0 0 1 1 0 1 1 0 1 0 0 0
61 0 0 0 0 0 0 0 1 0 1 1 1 1 1 1 1 1 1 0 0 1 0 1 1 0 1 1 1 0 1 1 0 1 1 0 0 1 1 1 1 1 1 1 0 1 0 1 0 0 1 1 0 1 1 1 0 1 0 1 0 0
89 0 1 1 0 0 0 0 0 1 0 1 0 1 0 0 0 0 0 1 0 1 1 1 0 1 0 1 1 0 0 1 1 0 0 1 1 0 1 1 1 1 0 0 0 1 1 1 1 1 0 0 1 0 0 1 0 0 0 0 0 1 1 1 0 0 1 1 1 0 0 1 1 0 1 1 1 1 1 1 1 0 0 0 1 0 1 1 0 0
92 1 1 0 0 1 0 0 1 1 0 1 1 1 1 1 1 1 0 1 0 0 0 0 0 1 1 1 1 0 0 0 0 0 1 1 1 1 0 1 0 0 1 0 0 0 0 0 1 1 0 0 0 0 1 1 1 1 1 1 1 1 1 0 0 1 1 1 1 1 0 0 1 1 0 1 0 1 1 1 0 0 1 1 1 0 0 0 0 1 1 1 0
84 0 0 1 1 1 0 0 1 0 0 0 1 0 1 0 0 0 1 0 1 0 1 0 0 0 0 1 0 0 0 1 1 1 0 1 1 0 0 0 1 1 0 1 0 0 1 0 0 1 0 1 1 1 1 1 0 0 1 1 0 0 1 0 1 1 0 1 0 0 0 1 1 1 1 0 1 0 0 0 0 1 0 0 0
52 0 0 1 0 1 1 0 0 1 0 0 1 0 0 0 0 1 1 1 1 1 0 0 0 1 1 1 1 0 1 0 0 1 1 1 1 1 1 0 1 1 1 0 0 0 1 1 1 1 0 1 0
55 0 1 1 1 0 1 0 1 0 0 0 0 0 1 1 1 0 1 1 1 1 1 0 1 1 0 1 1 0 1 1 0 0 1 1 1 1 0 1 0 1 0 0 0 1 0 1 0 1 0 0 1 1 0 1
61 0 0 1 0 1 0 1 1 1 0 1 1 1 1 0 0 0 1 1 0 1 1 0 0 0 0 1 0 1 0 0 0 1 0 1 1 1 1 0 1 1 0 1 0 1 0 1 1 1 1 0 0 1 1 1 1 0 1 0 0 1
59 1 0 1 1 0 1 0 0 1 0 0 1 0 0 1 0 1 1 0 1 0 0 0 1 1 0 0 1 0 1 0 1 1 0 1 0 0 1 1 1 0 0 1 1 0 1 1 0 0 0 0 1 0 0 1 0 0 1 0
62 0 1 1 1 1 1 1 0 1 1 1 1 0 1 1 1 0 1 0 0 1 0 1 1 1 0 1 0 1 0 1 0 1 1 0 0 0 0 1 1 0 0 0 0 1 1 1 0 1 1 0 1 1 1 0 1 1 1 1 0 1 1
54 0 0 1 1 0 1 0 0 0 1 0 1 0 1 1 0 0 1 0 0 1 1 0 0 0 0 1 0 0 1 1 1 0 0 0 1 1 1 1 0 1 1 0 0 0 1 0 1 1 0 1 1 0 0
76 1 1 1 0 1 0 0 1 1 0 0 0 1 0 0 0 0 0 1 0 1 0 0 0 1 1 1 0 1 0 1 0 1 1 1 1 0 0 0 1 1 0 0 1 0 1 0 1 0 1 0 0 0 0 1 0 0 0 1 1 0 0 0 0 0 1 0 0 1 0 1 0 1 1 0 0
77 0 1 1 1 0 0 1 1 0 0 1 1 0 0 1 1 0 0 0 0 0 0 0 0 0 0 1 0 1 0 1 1 1 0 0 1 1 0 0 1 0 0 0 0 1 0 0 0 1 1 1 1 1 1 1 1 0 1 0 1 1 0 1 0 1 0 0 0 0 0 1 1 1 1 0 1 1
64 1 1 1 1 0 0 0 0 1 0 0 1 1 0 0 0 1 0 0 1 1 0 1 1 1 1 1 0 1 0 0 0 0 0 1 0 1 1 0 1 1 1 1 1 1 1 0 0 0 0 0 1 0 1 1 1 0 0 1 0 0 0 1 1
88 0 0 0 0 1 1 1 1 1 1 1 0 0 1 1 1 1 1 0 1 1 1 1 0 0 0 1 0 0 1 1 0 0 0 0 0 1 1 0 1 1 1 1 0 1 1 0 1 0 1 0 0 0 0 0 1 0 1 1 1 1 1 1 1 1 0 1 1 1 0 1 1 1 1 0 0 0 0 0 0 0 0 0 1 0 0 1 1
65 0 0 1 0 1 0 1 1 1 0 0 1 1 0 1 0 1 0 1 1 0 1 1 1 0 0 0 1 0 1 1 1 1 0 1 0 0 0 1 0 1 0 1 0 0 1 1 1 0 0 0 1 1 1 1 0 0 0 0 1 1 0 1 1 0
96 1 0 1 1 1 1 1 1 1 0 0 1 0 0 0 0 0 0 0 0 0 0 1 1 1 0 0 1 0 1 0 1 1 0 0 1 1 1 1 0 1 0 0 0 1 1 1 0 0 1 0 1 0 0 1 1 0 1 1 1 1 0 0 1 0 0 1 1 0 0 0 1 1 0 1 0 0 0 0 1 1 0 1 0 0 1 0 1 1 0 1 1 1 0 1 0
68 1 0 1 1 1 0 0 0 1 1 0 0 0 0 0 0 0 0 1 0 0 0 0 0 1 0 0 0 1 1 1 1 1 1 0 1 0 1 1 1 0 1 0 0 1 1 0 0 1 1 0 0 1 1 1 1 1 1 0 0 0 0 0 1 1 1 0 1
80 0 0 1 0 1 1 1 0 1 1 0 0 1 1 1 1 1 1 1 1 0 0 1 0 1 1 0 1 0 0 1 1 0 0 1 1 0 0 1 0 0 1 1 1 0 0 0 1 0 0 1 1 0 0 1 0 0 0 1 1 0 1 1 1 0 0 0 0 1 0 1 0 1 0 0 1 0 0 0 1
69 1 0 1 1 0 0 1 0 0 1 0 1 0 0 0 1 1 0 1 1 0 0 1 0 1 1 1 1 1 0 0 1 1 1 1 0 0 0 1 0 1 1 1 0 0 1 0 0 0 1 1 1 1 0 1 0 1 1 0 1 1 0 1 1 1 1 0 0 1
53 1 1 0 0 1 1 0 1 1 1 0 1 1 0 0 0 0 0 0 1 1 0 0 0 1 0 1 1 1 1 1 1 0 1 0 0 0 0 1 0 0 1 1 0 1 1 1 1 0 1 1 0 1
52 1 1 0 0 1 0 1 0 0 1 1 1 1 1 0 0 1 0 0 1 0 0 0 1 0 0 0 1 1 0 1 0 1 0 1 0 0 0 0 1 0 0 1 1 1 0 0 1 1 0 1 1
74 0 1 0 0 1 1 0 0 0 0 1 0 1 1 0 0 1 0 1 0 0 1 0 1 1 1 1 1 0 0 0 1 0 1 0 0 0 1 0 1 0 1 0 0 1 1 0 0 1 0 0 1 0 1 0 0 1 0 0 1 1 0 0 1 0 1 1 1 1 1 1 0 0 0
94 0 0 0 1 0 0 1 1 0 0 0 0 0 1 1 1 1 0 0 1 0 1 1 0 0 1 0 1 0 0 0 1 0 0 0 1 1 1 1 1 0 1 0 1 1 1 1 0 1 1 1 0 1 0 0 0 1 1 0 0 0 0 0 0 0 0 1 1 1 1 1 1 0 0 0 1 0 0 0 1 1 1 0 0 1 0 1 0 0 1 0 1 0 1
70 0 1 1 1 1 1 1 1 0 1 1 1 0 1 1 1 1 1 0 0 1 1 0 1 0 0 1 0 0 1 0 1 1 1 1 1 0 0 1 0 0 1 0 1 1 1 1 0 0 0 0 0 1 0 1 0 1 0 0 0 1 1 0 0 1 0 1 0 1 1
76 0 1 0 1 0 0 1 1 1 0 0 1 1 0 0 1 0 0 0 1 0 0 0 1 0 1 1 1 0 0 1 0 1 1 1 0 0 1 0 0 0 1 0 0 1 0 0 1 0 0 0 0 0 0 0 0 0 1 1 0 0 0 1 1 1 1 0 0 1 1 0 0 0 0 1 0
76 1 1 0 1 1 1 0 0 1 0 0 0 0 0 1 1 1 1 0 1 1 0 0 1 0 1 0 1 0 0 1 1 1 0 0 0 0 1 0 0 0 1 0 0 1 1 0 1 0 1 1 1 0 1 0 0 0 0 0 1 0 0 1 1 0 1 0 1 1 1 0 1 0 0 1 1
96 1 1 1 0 0 1 0 1 0 1 0 0 1 0 0 1 0 0 1 0 1 1 1 0 1 0 0 1 0 1 1 1 1 1 1 0 1 1 0 1 1 0 0 1 1 0 1 1 0 0 1 0 0 0 0 0 1 1 1 1 0 0 1 0 0 1 0 0 1 0 1 1 0 1 0 1 1 1 1 0 1 0 0 0 0 1 1 1 1 1 1 0 0 1 0 0
