100
73 1 0 1 1 0 0 0 0 0 0 1 1 0 0 0 0 0 1 1 1 1 0 0 0 0 0 1 0 0 1 0 1 1 0 0 1 1 0 1 1 1 1 0 0 0 0 1 0 1 0 0 1 0 0 1 0 0 0 1 0 1 1 0 0 0 0 0 1 1 0 0 1 0
67 1 1 0 0 1 1 0 1 1 1 0 1 1 1 1 0 1 0 1 0 1 0 1 0 0 0 0 1 0 0 1 0 1 0 1 0 0 0 1 1 0 1 1 0 1 0 0 0 0 0 0 1 1 0 1 0 1 1 0 1 0 0 0 1 0 1 1
58 1 0 1 0 0 0 0 0 0 0 0 1 1 0 0 1 0 1 1 1 0 0 1 1 0 1 0 0 1 0 0 1 0 0 0 1 0 1 0 0 1 1 0 1 1 1 0 1 0 0 0 0 1 0 1 1 0 1
63 1 0 1 0 0 1 0 1 1 1 1 0 1 0 0 0 0 1 0 1 1 1 0 1 0 0 0 0 1 1 1 0 1 1 1 1 1 0 0 0 1 0 1 1 0 0 1 0 1 1 0 0 1 1 1 1 1 0 0 0 1 0 1
91 1 1 1 1 0 0 0 1 1 1 0 1 1 0 1 1 1 0 1 1 1 1 1 0 0 1 0 0 1 1 0 0 0 1 1 1 0 1 1 1 0 1 1 1 1 0 1 0 0 1 0 0 0 1 1 1 0 1 1 0 1 1 1 1 1 1 0 1 0 0 0 1 1 0 0 0 0 1 0 1 0 1 1 1 0 0 0 0 1 1 0
79 0 0 1 0 0 1 0 0 0 1 1 1 0 0 1 1 0 1 1 0 0 1 0 1 1 1 1 0 0 1 0 0 1 0 1 1 0 1 1 0 1 1 0 0 1 1 1 1 1 1 1 0 1 1 0 0 0 1 1 1 1 0 0 1 1 0 1 0 1 1 0 1 1 1 1 1 1 0 0
83 1 0 0 1 1 1 1 0 0 0 0 0 0 0 0 0 0 1 0 0 1 1 0 0 1 1 0 0 0 0 1 1 1 0 0 1 1 0 1 0 0 0 1 1 1 0 1 1 1 1 1 1 0 0 0 0 1 0 1 1 1 0 1 0 1 1 1 1 0 0 0 0 1 1 1 0 1 1 1 0 1 1 1
92 0 1 1 0 1 0 1 0 0 1 0 0 0 0 1 1 0 0 0 1 1 0 1 1 1 1 0 0 0 0 1 1 1 1 1 0 0 0 1 1 1 1 1 0 0 0 1 0 1 1 0 1 0 1 0 1 1 1 0 0 0 0 1 1 1 0 0 0 0 1 1 1 0 1 1 1 0 1 1 0 0 1 1 0 0 1 1 0 0 1 1 0
72 0 1 1 1 1 1 1 0 1 0 1 1 0 0 1 1 1 0 1 0 0 1 0 0 1 1 1 1 0 1 0 1 1 0 0 0 1 0 0 1 0 1 1 1 1 0 1 1 0 1 0 0 1 1 0 1 1 1 1 0 0 0 0 1 1 1 1 1 1 1 1 1
77 1 1 1 0 0 0 0 1 1 1 0 0 0 1 1 0 1 0 0 1 1 1 0 1 0 0 1 0 1 1 1 1 1 1 1 1 1 1 0 0 0 1 1 0 0 0 0 1 0 0 1 0 1 1 0 1 0 0 0 1 1 0 1 0 0 1 0 1 0 1 0 0 1 1 0 1 0
100 0 1 0 1 0 1 1 1 0 0 1 0 1 1 1 0 1 1 1 1 0 0 0 0 1 1 1 1 0 0 0 0 0 0 1 1 1 0 0 1 1 0 1 1 1 0 0 1 1 0 0 0 0 1 1 1 1 0 1 0 0 1 1 0 0 1 1 0 0 0 1 1 1 0 1 1 0 0 0 0 1 1 0 1 1 1 1 0 1 1 0 1 1 1 0 1 1 1 1 0
65 0 0 1 0 0 1 1 0 1 1 0 0 0 0 1 0 1 0 0 0 0 1 0 0 0 0 1 1 1 1 1 1 0 0 0 1 1 1 0 0 1 1 1 1 0 1 1 0 0 0 0 1 1 0 1 0 1 0 0 1 1 1 1 1 0
66 0 1 1 0 0 1 1 1 0 0 0 1 1 0 0 1 0 1 1 1 1 0 1 1 1 0 0 0 0 0 1 1 0 1 1 0 1 0 1 0 1 0 0 1 1 1 1 0 0 0 1 1 1 1 0 1 0 1 0 1 0 0 0 1 0 1
69 0 1 0 0 1 1 1 0 1 1 0 1 1 0 0 0 0 1 0 1 0 1 0 1 1 1 0 1 1 0 1 0 1 1 1 0 0 0 1 0 0 0 0 0 0 0 1 0 1 1 1 0 1 0 1 1 0 1 1 0 0 0 1 1 1 1 1 0 1
59 0 1 1 0 1 0 1 0 1 1 1 0 0 1 1 0 1 1 0 0 0 0 0 1 0 1 1 0 0 0 0 0 0 0 1 0 0 0 0 1 0 0 0 1 0 1 0 0 1 1 0 0 1 1 0 1 0 1 1
78 0 0 0 0 1 1 0 1 0 1 0 1 0 0 0 1 1 1 1 1 1 0 0 1 0 1 0 0 0 0 0 1 1 1 0 0 0 0 0 1 1 1 0 1 0 1 0 0 0 0 1 0 1 1 0 1 1 0 1 1 1 1 1 0 0 1 0 0 0 0 0 0 1 0 0 0 1 0
94 1 0 1 1 0 0 1 0 1 0 1 0 0 1 1 1 0 0 0 1 0 1 1 1 1 1 1 0 0 0 1 0 1 1 1 1 1 1 1 1 1 1 0 0 0 0 0 0 1 0 1 0 1 0 1 1 1 0 0 0 0 0 1 0 0 0 1 0 0 1 1 1 0 1 0 1 0 1 1 0 1 0 0 0 1 0 1 1 0 1 1 0 1 0
60 1 1 0 1 0 1 0 1 1 1 1 1 0 0 0 0 0 0 1 0 0 0 1 1 1 0 1 1 0 1 0 0 0 1 0 1 1 1 1 1 0 0 1 0 0 0 0 1 1 0 1 1 0 1 0 0 0 0 0 1
98 1 1 1 1 1 0 1 0 0 1 1 1 0 0 0 1 0 1 0 1 1 0 0 1 1 0 1 0 0 0 1 1 0 0 0 1 0 1 0 0 1 1 0 0 1 0 0 0 0 1 0 1 0 1 1 0 0 1 1 1 1 0 0 0 1 0 1 0 1 1 0 1 0 0 0 0 0 1 0 0 1 1 1 1 1 1 1 0 0 1 0 0 0 1 1 1 0 1
69 0 1 1 1 0 0 0 1 1 0 1 0 1 0 1 1 0 0 0 1 1 1 0 0 1 1 1 1 0 0 1 1 0 1 1 0 0 1 0 1 1 0 0 0 0 1 0 0 0 0 1 0 0 1 1 1 1 1 0 0 1 1 0 1 1 1 0 0 0
83 0 1 1 1 0 0 0 1 1 1 0 1 1 0 1 1 1 0 1 0 0 1 0 1 1 0 1 0 0 1 0 0 1 0 1 0 1 0 0 0 0 0 1 1 0 1 1 0 1 0 1 0 1 1 1 0 1 1 0 0 1 1 0 0 1 1 1 0 0 0 0 1 1 0 0 0 1 0 0 0 1 1 1
68 1 1 1 0 1 1 1 1 0 1 0 1 1 1 0 0 1 1 1 0 1 0 1 1 0 0 0 0 1 1 0 1 0 0 0 1 1 1 0 0 0 1 1 1 0 0 1 1 0 1 1 0 1 1 0 1 1 1 1 1 1 0 1 0 1 1 0 1
75 1 1 0 0 1 1 0 0 0 1 0 0 0 0 1 1 1 1 0 1 1 1 0 1 0 0 0 1 0 1 1 1 1 0 0 1 1 1 1 0 0 1 0 0 0 0 0 1 0 1 0 1 1 0 0 1 1 1 0 1 1 0 0 0 1 0 0 1 1 0 0 0 0 1 1
96 0 1 1 1 0 1 1 1 0 0 1 0 0 1 1 1 0 1 1 0 1 0 1 1 0 0 0 1 0 0 1 1 0 1 0 0 0 1 0 1 0 1 1 1 1 0 0 0 1 1 0 1 1 0 1 0 0 0 0 1 0 1 1 0 1 0 1 0 1 1 1 0 0 0 0 1 1 1 1 1 1 1 1 0 1 0 1 1 1 0 0 0 0 0 1 1
54 0 0 1 1 1 1 1 1 0 1 1 0 0 1 0 1 1 0 1 1 1 0 1 0 0 1 1 0 0 0 1 1 0 0 1 1 0 1 0 1 0 1 1 0 1 1 0 1 1 0 0 1 1 0
71 1 1 0 0 0 0 0 0 1 0 1 0 1 1 0 1 0 1 1 0 0 1 0 0 1 1 0 0 0 0 1 1 0 0 1 0 1 1 1 0 0 0 1 0 1 1 1 0 1 1 0 0 0 0 1 1 1 1 1 1 1 1 0 0 0 0 0 0 0 0 1
80 1 0 1 1 1 0 1 0 1 1 1 1 1 1 0 0 0 1 0 1 1 1 0 0 1 0 1 1 0 0 1 1 1 1 0 1 1 0 1 1 1 0 0 1 1 0 0 1 1 1 1 0 0 0 0 0 1 0 0 0 1 1 1 0 1 0 0 1 0 1 1 1 0 0 0 0 0 1 0 0
100 0 0 0 1 1 0 0 0 0 0 1 0 0 1 1 0 1 0 1 0 1 0 1 0 0 1 1 1 0 1 1 1 0 1 1 0 0 0 0 0 1 1 0 1 1 1 1 0 1 1 0 0 0 0 0 1 1 1 0 0 0 0 0 0 1 0 0 1 1 0 1 1 0 1 1 1 1 1 1 1 0 1 1 0 0 1 0 0 1 0 1 0 1 0 1 1 0 1 0 0
83 1 0 1 1 0 0 0 1 1 1 0 1 0 1 0 1 1 0 0 0 0 1 1 0 1 0 1 0 1 1 0 1 0 1 0 1 0 0 1 1 1 1 0 1 0 1 0 0 1 1 1 0 1 1 0 1 1 0 1 0 0 0 1 0 1 1 1 1 1 1 1 1 0 0 0 1 0 1 0 0 0 0 1
67 0 1 0 1 0 0 0 1 1 1 0 0 1 1 1 1 0 1 1 0 0 0 0 1 0 0 0 0 1 1 0 1 1 1 0 1 1 1 0 1 1 0 1 1 1 0 1 1 1 1 1 1 0 0 1 1 0 0 1 0 1 1 1 1 1 1 1
57 1 1 1 0 0 0 0 1 1 1 1 1 0 0 1 1 0 0 0 0 1 1 1 0 1 0 0 0 0 1 1 0 1 0 0 1 0 0 1 0 0 1 0 0 1 0 0 0 0 0 0 0 1 1 1 1 1
98 1 1 1 0 0 0 1 0 1 1 1 1 1 0 1 0 0 1 0 0 1 0 0 0 1 1 1 0 0 1 0 1 0 0 1 0 1 0 0 1 0 1 0 0 1 1 0 1 0 0 0 0 0 1 1 1 0 0 1 1 0 0 1 0 1 1 0 1 1 1 1 1 1 1 0 1 0 0 0 0 1 1 0 0 1 1 0 0 1 0 1 0 0 1 0 0 0 1
61 0 0 0 1 1 0 0 0 0 1 0 0 0 0 1 1 0 1 0 1 0 0 1 0 0 0 1 0 0 0 1 0 1 0 0 1 1 1 0 1 0 1 1 1 0 0 0 0 1 1 0 0 1 1 1 1 0 0 1 0 1
80 0 0 1 1 0 1 0 1 0 1 1 1 1 1 1 0 0 0 1 0 0 1 0 1 1 0 1 0 0 1 0 0 1 0 1 0 1 0 0 0 0 0 0 0 0 1 0 1 0 0 1 0 1 1 0 0 0 0 1 1 0 0 0 0 0 0 0 1 0 1 0 0 1 0 1 0 0 1 0 0
98 1 1 1 0 0 1 1 1 0 1 0 0 1 1 1 0 1 0 1 0 1 1 0 1 1 0 0 0 1 1 1 0 0 0 0 1 0 1 0 1 0 0 1 0 0 1 0 0 1 0 1 1 0 0 1 1 1 1 1 1 1 0 1 1 0 1 0 0 1 0 1 1 0 1 0 1 1 0 1 0 1 0 1 1 0 0 0 0 1 0 0 1 0 0 1 0 1 0
56 1 1 1 0 0 1 1 1 0 1 0 0 1 1 0 0 1 1 1 0 0 0 1 1 1 1 1 1 1 0 0 1 1 0 1 1 1 1 1 1 0 1 1 0 0 1 0 0 1 1 0 1 1 1 1 1
50 0 0 0 0 0 0 0 1 1 0 1 1 0 0 1 1 0 1 0 0 1 1 1 1 0 0 0 1 1 1 1 0 1 0 1 0 0 1 0 1 0 0 0 1 0 0 0 0 0 0
64 1 1 1 0 0 1 0 1 1 1 1 1 1 1 1 1 1 1 1 1 0 0 1 0 1 1 0 0 1 1 1 0 1 1 1 0 0 1 0 1 1 0 0 1 1 0 0 1 1 0 1 0 0 0 1 0 0 1 1 1 1 0 1 0
61 1 0 1 0 0 1 0 1 1 1 0 1 0 1 1 1 1 1 0 1 0 1 1 1 0 0 0 0 0 1 0 1 0 0 0 1 1 0 0 0 0 0 0 0 1 1 1 1 1 1 1 0 1 1 1 0 0 0 1 0 1
56 0 1 1 1 0 0 1 0 0 0 0 0 0 0 0 0 0 0 0 0 0 1 0 1 1 1 1 1 0 0 1 0 0 1 0 1 1 1 1 0 0 1 1 1 0 0 1 0 1 1 0 0 0 1 1 1
60 1 0 0 0 1 1 1 1 1 1 1 0 0 0 1 1 0 0 0 1 1 0 1 0 1 1 1 1 1 0 0 1 1 1 0 1 1 1 0 1 0 0 0 1 1 1 1 1 1 0 0 0 1 1 1 1 0 1 1 1
70 1 0 1 1 0 0 1 1 1 1 0 1 1 0 1 1 0 1 1 1 1 1 1 0 0 0 1 0 1 0 1 1 1 1 1 0 0 1 1 0 0 1 0 0 0 0 1 0 1 1 0 1 1 0 1 1 1 0 0 1 0 0 0 1 0 0 0 1 1 0
83 1 0 0 0 1 1 1 0 1 1 1 0 1 0 1 1 0 0 0 0 1 0 0 0 1 0 0 0 1 0 0 0 1 0 1 1 1 0 0 0 0 1 0 0 1 0 0 1 0 1 1 1 1 0 1 0 0 1 1 1 1 1 1 0 0 0 1 1 0 1 0 0 0 0 1 1 0 1 1 0 0 0 0
55 1 1 0 0 0 0 1 1 1 1 1 0 1 0 0 0 1 1 1 0 0 1 0 0 0 0 0 1 0 1 1 1 1 0 0 0 1 0 1 1 0 1 1 1 0 1 1 1 1 0 1 0 0 1 0
85 1 1 1 0 0 0 1 1 1 0 0 1 1 1 1 0 0 0 1 1 0 0 1 0 1 0 1 1 1 1 1 0 0 0 0 0 0 0 0 1 1 0 0 0 0 0 1 1 0 0 0 0 0 1 0 0 1 0 1 1 1 1 0 1 1 1 1 0 1 0 0 0 1 0 0 1 1 0 1 0 1 1 1 1 1
87 0 0 0 1 0 1 0 0 0 0 0 0 0 1 1 1 1 1 0 1 1 0 0 1 1 0 1 1 0 0 1 1 0 0 1 0 0 0 0 1 0 0 1 0 1 0 0 1 1 1 0 0 1 0 0 1 1 0 1 1 0 1 0 1 1 1 0 1 1 1 0 1 1 0 1 0 1 1 1 0 1 0 0 1 0 1 1
68 1 1 1 0 1 1 0 0 1 0 0 0 1 1 1 1 1 1 1 1 1 1 1 1 0 0 0 1 0 0 1 1 0 1 0 1 1 1 1 0 0 0 1 0 1 0 1 0 1 0 1 1 0 1 0 0 1 1 0 1 1 0 1 1 0 1 0 0
100 1 0 1 1 0 0 0 1 1 0 1 0 1 0 1 0 1 1 1 1 1 0 0 0 0 0 1 0 1 0 0 0 1 1 0 1 0 1 0 0 0 1 0 0 0 0 1 1 1 1 1 0 0 1 0 0 0 1 0 1 0 0 1 0 0 0 0 1 0 0 0 1 0 1 1 1 1 0 1 0 0 0 0 0 0 0 0 0 0 1 1 1 1 0 0 0 0 1 0 0
93 0 0 0 0 0 0 0 1 0 0 1 0 0 0 1 0 1 1 1 1 1 0 1 1 0 1 1 0 0 1 0 1 1 1 1 0 0 0 0 0 1 1 0 1 0 1 1 0 1 0 0 0 1 1 1 1 1 1 0 1 0 1 0 0 0 0 0 1 1 1 0 0 0 0 1 0 0 0 1 0 1 0 0 0 0 1 1 1 0 1 0 0 0
81 0 0 1 0 0 0 0 1 1 1 0 1 1 0 1 0 1 1 0 1 0 0 0 0 0 1 0 1 0 0 0 1 0 0 1 1 0 1 0 0 1 0 1 0 0 0 1 0 1 0 1 0 0 1 0 1 1 0 0 1 0 1 1 0 1 0 1 0 0 1 1 1 0 0 0 1 1 0 1 0 1
99 0 1 1 1 0 0 0 0 0 0 0 0 0 1 0 1 0 1 1 0 1 0 1 1 1 1 1 1 0 0 0 1 0 0 0 1 0 0 0 0 0 1 1 1 1 0 0 1 0 1 1 0 0 1 0 1 1 0 0 0 0 0 0 0 1 1 0 1 1 0 1 1 0 0 1 0 0 1 1 0 0 0 1 1 0 1 1 1 1 0 1 1 0 0 1 0 1 1 1
51 1 0 0 0 0 1 0 1 0 1 1 0 0 0 0 1 1 0 0 1 1 0 0 1 0 1 1 1 1 0 1 1 0 1 1 1 0 1 0 0 1 1 0 0 1 1 0 1 1 1 1
53 0 1 1 1 1 0 0 0 0 1 1 0 1 1 0 0 1 0 1 1 0 0 1 0 1 0 0 0 0 0 1 1 0 1 0 1 1 1 0 0 1 0 0 1 0 1 0 0 1 1 1 0 0
69 0 1 1 1 1 1 0 0 1 0 1 1 0 1 0 0 0 0 1 0 0 0 1 0 1 1 0 0 1 1 1 1 1 1 1 0 1 1 1 1 0 1 0 1 1 0 0 1 0 0 1 1 0 0 1 1 1 1 1 1 1 1 1 0 0 1 0 1 1
88 1 0 1 0 1 0 0 0 0 0 0 0 1 0 0 0 0 1 0 1 0 1 1 0 0 0 0 1 0 1 1 1 1 1 1 1 0 1 0 1 1 1 1 1 1 1 0 1 1 0 0 0 0 0 1 1 0 0 0 1 0 0 1 0 1 1 0 0 0 1 1 0 0 1 1 0 0 1 0 0 0 1 0 1 1 0 0 0
62 1 0 1 0 1 1 0 1 1 0 0 0 0 0 0 0 1 0 1 1 1 0 0 0 1 1 1 0 0 1 1 0 0 0 1 1 0 1 0 0 1 1 0 0 0 0 1 0 0 0 1 1 1 1 1 1 1 0 1 0 0 1
77 1 1 1 1 0 0 1 0 0 0 1 0 1 1 0 0 0 1 0 0 1 0 1 1 1 0 0 1 0 1 0 1 1 0 0 0 0 0 0 1 1 1 0 0 0 1 0 1 0 1 0 1 0 1 0 1 1 0 1 0 0 1 1 0 1 0 0 0 1 1 1 1 0 1 1 1 0
66 0 0 0 1 1 0 0 1 1 1 0 1 0 1 0 0 0 0 0 0 0 0 1 1 1 0 1 1 1 0 1 1 1 1 1 1 1 1 0 1 0 0 0 1 1 1 0 1 0 0 1 0 1 0 0 0 1 0 0 1 1 1 0 1 0 0
66 0 0 1 1 1 0 1 1 0 1 1 1 1 1 0 1 0 1 1 1 0 0 1 1 1 0 1 1 1 1 1 1 0 1 0 1 0 0 0 0 1 1 1 1 0 1 1 1 0 0 1 0 0 0 1 1 1 0 1 1 1 1 0 0 0 1
65 0 1 0 0 1 0 0 0 1 0 1 0 1 1 0 1 0 0 0 0 1 0 1 1 1 1 1 0 1 1 1 1 0 1 0 1 0 1 1 0 0 0 1 1 1 0 1 0 1 1 1 1 0 0 1 1 0 0 0 0 1 1 1 0 1
84 0 0 0 0 1 0 1 0 0 1 0 1 1 0 1 0 0 1 1 0 1 1 1 1 0 1 0 0 1 1 0 0 1 0 1 0 1 1 1 0 0 0 0 1 0 0 0 1 0 1 0 0 0 1 1 1 1 0 1 1 1 0 0 0 1 1 1 0 1 1 1 1 0 0 1 0 1 1 1 0 0 0 1 0
85 1 1 1 1 0 0 0 0 0 1 1 1 0 1 0 1 1 0 1 1 1 1 0 1 0 1 1 1 0 1 1 1 0 0 0 0 0 0 0 1 0 0 1 0 0 0 1 0 0 0 1 0 1 1 0 1 0 1 1 1 0 0 0 0 0 0 1 1 1 0 1 1 1 0 1 1 1 1 1 0 1 1 0 0 1
75 0 0 0 0 1 1 0 1 0 1 1 0 1 0 1 0 1 1 1 0 1 0 0 1 0 1 1 0 0 0 1 1 1 0 1 0 0 0 0 1 0 1 1 0 0 1 0 0 0 1 0 0 0 1 1 0 1 0 0 1 1 1 0 0 1 1 1 0 1 0 1 0 0 1 1
67 0 0 1 0 1 1 0 0 1 1 0 1 0 0 0 1 0 0 1 1 0 1 0 0 1 0 0 0 0 0 1 0 1 0 1 1 1 1 1 0 0 1 0 0 0 0 1 0 1 1 0 1 0 0 0 0 1 0 0 0 1 0 0 0 1 0 1
71 1 1 1 1 1 1 0 1 1 0 1 1 0 1 1 0 1 1 1 0 0 0 1 0 0 0 1 1 0 1 0 0 0 1 1 0 0 0 1 0 0 0 1 1 0 1 0 1 0 1 1 1 1 0 1 1 0 0 1 0 0 1 1 0 1 0 1 0 1 1 0
61 1 0 0 0 0 1 0 0 1 1 1 1 1 0 1 0 1 1 1 0 1 0 1 0 1 1 0 1 0 1 0 1 0 1 0 0 1 0 0 0 0 0 0 1 1 0 1 0 1 1 1 1 0 1 1 1 0 1 0 0 0
99 0 1 0 0 1 0 0 1 1 0 0 0 1 1 1 1 1 1 1 0 1 0 0 1 1 1 1 1 0 1 1 1 0 1 0 1 0 1 0 1 0 0 1 0 0 1 1 1 0 1 1 0 0 0 1 1 1 0 0 0 0 0 0 0 1 0 1 0 0 1 1 0 0 1 0 1 0 0 0 1 0 0 1 1 0 0 1 0 1 1 0 1 0 1 1 1 0 0 0
90 0 0 1 1 1 1 1 1 1 1 1 0 1 0 0 0 0 0 0 0 1 0 1 0 1 1 0 1 1 0 0 1 0 1 0 1 1 1 0 0 0 0 1 1 0 1 0 1 1 1 0 0 1 0 1 0 0 0 0 0 1 1 1 1 0 1 0 1 0 1 1 0 1 0 0 0 1 0 1 0 1 1 1 0 0 0 1 1 1 1
68 0 0 1 1 1 0 0 0 0 0 1 0 0 0 1 0 0 1 0 1 1 0 1 1 1 1 0 1 1 1 0 0 0 1 1 0 1 0 1 1 1 0 1 0 0 1 1 1 0 0 1 1 1 1 1 0 1 0 0 1 1 1 0 1 1 0 1 0
58 0 1 0 1 0 1 1 0 1 1 1 0 0 1 1 1 1 1 0 0 0 0 1 1 1 0 1 0 1 1 1 1 1 0 0 1 1 1 0 1 0 0 1 0 1 0 0 1 1 1 1 1 1 1 0 0 1 1
95 1 1 0 0 1 1 0 1 0 1 1 0 1 1 0 0 1 0 1 0 1 0 1 0 0 1 1 0 0 1 0 1 0 0 1 1 1 0 0 0 0 1 1 1 0 1 1 0 1 0 1 1 1 0 1 1 0 0 1 0 0 1 0 1 0 1 1 1 0 0 1 1 1 1 0 1 0 0 1 1 1 0 0 1 0 0 1 0 1 0 0 1 1 1 1
57 1 1 1 1 1 0 0 0 0 1 1 0 0 0 0 1 0 0 0 1 0 0 0 1 1 0 0 1 0 0 0 1 0 0 1 1 1 0 1 0 1 1 0 0 0 0 0 1 0 0 1 1 0 0 0 0 0
58 1 0 1 1 0 0 1 1 1 0 0 0 0 0 1 0 1 1 1 0 1 1 1 0 0 1 1 0 1 0 0 0 1 1 0 1 0 1 1 1 0 1 1 0 1 1 1 1 0 0 0 0 1 0 1 1 1 0
70 1 0 0 1 0 1 1 1 0 1 0 0 1 0 0 1 0 0 0 0 1 0 0 1 1 1 1 1 1 1 1 0 1 1 0 1 1 0 1 0 1 0 1 0 0 1 1 0 1 0 0 1 1 1 0 1 1 0 0 1 1 0 0 1 1 1 1 1 1 1
56 1 0 0 1 1 1 1 1 1 0 1 0 0 0 0 0 0 1 1 1 0 1 0 1 1 1 1 1 1 0 0 0 1 0 1 1 0 1 0 0 0 0 0 1 0 0 0 1 1 1 1 0 1 0 0 1
68 1 0 1 0 1 1 0 1 0 0 1 1 0 0 0 0 1 0 0 0 0 1 0 1 0 1 1 1 1 1 1 0 0 0 1 0 0 0 1 0 1 0 0 1 0 1 0 1 0 1 0 0 1 0 1 0 1 1 0 0 0 1 0 1 0 0 0 1
97 0 0 0 0 0 1 1 1 0 1 1 1 0 1 0 0 0 0 0 1 0 1 1 0 0 0 0 0 0 1 1 0 1 0 1 0 1 0 0 0 1 0 0 0 1 0 0 0 1 0 1 1 1 0 1 0 0 1 1 1 1 1 1 1 0 0 1 0 1 1 0 0 1 0 1 1 0 1 0 1 1 1 0 1 0 1 1 1 0 1 0 1 0 0 1 1 0
79 1 0 0 0 0 1 0 0 1 0 0 1 0 0 0 1 1 1 0 0 0 1 1 0 0 1 0 0 1 1 1 0 1 0 1 1 1 0 0 0 1 1 1 0 1 1 1 1 1 0 0 1 1 1 1 0 0 0 1 1 0 1 0 1 1 0 0 0 1 1 0 1 0 0 1 0 0 0 0
78 0 0 0 1 0 0 0 1 0 1 1 0 0 0 0 0 0 1 0 0 0 0 1 0 1 1 0 0 0 0 1 0 1 1 0 1 0 1 0 0 0 1 0 0 0 1 1 1 0 1 1 0 1 1 1 1 1 0 0 1 1 0 1 1 1 1 1 0 0 1 1 0 0 1 1 1 1 1
74 0 0 0 1 0 1 1 0 1 0 0 0 1 1 1 1 0 0 0 0 1 0 0 0 1 1 0 0 0 0 1 0 1 1 0 0 0 1 1 0 1 0 1 1 1 0 1 1 1 1 0 1 1 0 1 1 1 1 1 1 1 0 0 0 1 1 1 0 0 0 1 1 1 1
99 1 0 1 0 0 0 1 1 1 0 0 0 1 0 0 0 1 1 0 0 1 1 0 1 1 0 0 1 1 1 1 0 0 0 0 0 1 1 1 1 1 1 1 0 0 1 1 0 0 0 1 0 1 0 0 1 1 1 1 0 1 1 1 1 0 1 1 1 1 0 0 0 0 1 1 0 1 0 1 0 0 0 0 1 0 1 0 1 0 0 0 1 1 1 0 0 0 1 1
54 1 1 0 0 1 1 1 0 0 0 1 1 0 1 0 0 1 0 0 0 1 1 0 1 1 0 1 1 0 0 1 0 0 0 1 1 1 0 0 0 0 0 0 0 0 1 0 1 0 0 0 0 0 1
85 0 1 0 0 1 0 0 1 1 0 0 0 0 1 0 1 0 0 1 0 1 1 0 0 0 1 1 1 0 0 1 1 0 1 1 0 0 0 0 0 1 1 1 1 0 0 0 0 1 0 0 1 1 1 0 0 1 0 1 0 1 1 1 1 1 0 0 1 0 0 0 1 0 1 1 0 0 1 0 1 1 1 0 0 0
89 0 1 1 0 1 1 0 1 1 0 1 0 0 0 1 1 0 0 0 1 1 1 1 1 0 1 1 0 0 0 1 0 1 1 1 1 0 0 1 1 0 0 1 1 1 1 0 0 1 1 0 1 0 0 1 0 0 1 1 1 1 1 0 1 0 1 1 1 1 1 1 0 0 1 1 1 1 1 0 1 0 1 1 1 0 1 1 0 1
63 1 1 1 1 0 1 0 0 1 0 1 1 1 0 0 1 0 1 1 0 1 0 0 0 0 1 1 1 1 1 0 1 0 0 1 0 1 1 1 1 0 1 0 1 1 0 0 1 1 0 1 0 1 0 1 0 0 1 0 0 1 1 0
86 0 1 0 0 0 0 1 1 0 1 0 1 0 1 0 1 1 1 0 0 0 1 0 1 1 0 1 1 0 0 0 0 0 0 1 0 1 1 0 1 1 0 0 0 0 0 1 1 0 1 1 0 1 0 0 0 1 0 1 1 1 1 0 0 0 1 0 0 0 0 1 0 0 1 1 0 0 0 1 1 1 0 1 0 0 0
87 0 1 0 1 0 0 0 1 1 1 0 1 0 1 0 0 0 0 0 0 0 1 0 0 0 1 1 0 0 0 0 0 1 0 1 0 0 1 1 1 0 0 0 1 0 1 1 0 1 0 1 0 0 0 1 1 1 1 1 0 0 1 1 1 1 0 1 1 0 1 1 0 0 0 0 1 0 0 0 0 0 0 0 1 0 0 0
79 0 0 0 0 1 1 1 1 0 0 1 1 0 1 1 1 1 0 1 1 1 1 1 0 1 0 1 1 1 1 1 1 1 0 0 1 0 1 1 0 1 1 0 1 0 1 1 1 1 1 1 0 0 0 1 0 1 0 0 1 1 0 0 0 1 0 0 1 1 1 0 1 1 0 1 0 0 0 1
76 0 1 0 1 0 1 1 0 1 1 0 1 0 0 0 1 0 1 1 1 0 1 1 1 1 1 0 1 0 0 1 0 0 1 1 0 1 1 1 1 1 0 0 0 0 1 1 1 0 0 0 0 0 1 0 0 0 0 0 1 0 1 0 1 0 0 1 1 0 0 1 0 0 0 0 1
67 1 0 0 1 0 0 0 0 0 0 1 0 0 0 1 0 1 1 0 1 0 0 1 1 1 0 1 1 1 0 1 0 0 1 1 0 1 1 0 1 1 0 1 0 0 1 1 0 1 1 0 1 0 0 1 0 0 1 0 0 1 1 1 1 1 0 0
81 0 0 1 1 1 1 0 1 0 1 1 1 0 1 1 0 1 0 1 0 1 1 1 0 1 0 1 0 0 0 1 1 0 0 1 0 0 0 0 0 1 1 0 1 0 0 0 0 0 0 0 1 1 0 0 0 1 0 1 0 0 0 1 1 0 1 1 0 0 0 0 0 0 0 1 1 1 1 0 1 1
52 0 1 1 1 0 1 0 1 0 0 1 1 0 0 1 0 0 1 0 0 1 0 1 0 1 1 0 0 0 0 0 0 1 0 1 1 0 1 1 1 1 1 0 1 1 1 0 1 0 0 0 0
87 0 1 1 1 0 1 0 0 1 0 1 1 0 0 0 0 0 0 1 0 1 1 1 0 0 1 1 1 0 0 1 0 0 1 0 0 1 0 0 0 0 0 1 1 0 0 1 1 1 1 1 1 0 1 1 1 0 0 1 0 1 0 0 0 0 0 0 1 0 0 1 0 1 1 1 1 0 0 1 0 1 0 0 0 0 0 1
87 0 1 0 1 1 0 0 0 0 1 1 1 1 0 1 0 0 0 1 0 0 1 0 1 1 1 0 1 0 0 1 1 0 0 1 1 1 0 0 1 1 1 0 1 0 0 1 0 0 0 1 1 0 0 1 1 1 0 1 0 1 1 0 1 0 1 0 0 1 0 1 0 1 1 1 0 1 1 0 0 1 0 0 1 0 0 1
65 1 0 1 0 0 1 1 1 0 1 0 0 0 0 0 0 0 0 0 1 1 0 0 0 1 0 1 0 1 1 1 0 1 0 0 0 1 0 0 0 0 0 1 0 1 1 1 0 0 1 0 1 0 0 0 0 1 1 1 0 0 0 0 0 1
90 0 1 1 1 0 0 1 1 0 0 1 1 0 0 0 1 0 0 1 0 0 1 0 0 0 0 0 1 1 0 0 0 1 0 0 1 0 0 0 0 1 1 0 1 0 0 0 1 0 1 1 1 1 1 0 0 0 0 1 1 0 0 0 0 0 1 1 0 1 1 0 1 0 0 1 0 1 0 1 1 0 0 0 0 1 0 1 0 0 1
56 0 0 0 0 0 1 0 1 0 0 0 0 1 1 1 1 0 1 1 1 1 1 1 1 0 0 0 0 1 0 0 1 1 0 1 1 1 1 1 0 1 1 0 0 1 1 0 1 1 1 1 0 1 1 1 0
75 0 1 1 1 1 1 1 0 0 1 0 1 1 1 1 0 0 0 1 0 1 1 1 0 0 0 1 0 1 0 1 1 0 0 1 1 1 1 0 1 1 0 0 0 1 1 0 0 0 0 0 0 1 1 0 0 0 1 0 1 0 0 1 1 0 0 1 0 1 0 0 1 0 0 1
50 1 1 0 0 1 0 1 1 1 0 1 0 0 0 0 0 1 0 1 1 1 0 1 1 1 1 0 0 0 1 1 0 0 0 0 0 0 0 0 0 1 0 0 0 0 0 1 0 1 1
76 0 1 1 0 0 0 1 1 0 1 1 1 1 0 0 0 0 0 1 1 1 1 1 0 0 0 1 1 1 1 1 0 1 1 1 1 1 1 1 1 1 0 0 0 0 1 0 0 0 0 0 1 1 1 0 0 0 0 1 1 1 1 1 1 0 1 1 0 1 1 0 0 1 1 1 1
