100
57 1 0 1 1 1 0 0 0 1 1 1 0 0 1 1 1 0 0 0 1 0 0 0 1 1 1 0 1 1 1 1 1 0 1 1 1 0 0 1 0 1 0 0 0 1 1 0 0 1 0 0 0 1 1 0 1 1
87 0 1 1 1 0 0 1 0 0 1 0 0 1 1 0 1 0 0 0 1 1 1 0 0 0 0 1 1 0 1 1 0 1 0 0 0 0 0 0 1 0 0 1 1 0 1 1 0 1 0 0 1 0 1 0 0 0 1 0 0 0 1 0 1 1 1 1 1 0 1 1 0 1 1 0 0 0 0 1 1 0 0 1 1 0 0 1
82 0 1 1 1 1 0 0 0 1 1 1 1 1 0 0 0 1 0 0 0 1 0 0 1 0 0 1 1 0 0 0 0 1 0 1 0 0 1 1 1 0 1 1 1 1 0 0 1 0 0 1 0 0 0 0 0 0 0 1 0 1 1 1 0 1 1 0 0 1 0 0 1 0 0 0 1 1 1 0 0 1 0
67 0 0 1 1 1 1 0 0 0 1 0 1 0 0 0 1 0 1 1 0 0 0 1 1 1 1 1 1 0 1 0 0 0 0 1 1 0 0 0 1 0 0 0 0 0 1 0 0 0 1 1 0 1 1 1 1 1 1 0 0 1 0 0 0 0 0 1
51 0 1 1 1 0 0 0 0 0 0 1 0 1 0 0 0 0 0 1 0 0 1 0 0 0 0 0 0 1 1 1 1 1 1 0 0 0 0 0 1 0 0 1 0 0 1 1 0 1 0 0
57 0 1 0 1 1 1 0 1 1 0 0 0 0 1 1 1 1 0 0 0 1 1 1 1 0 0 1 1 0 0 0 1 0 0 1 1 0 1 0 1 0 0 1 0 1 1 1 1 0 0 0 1 0 1 1 1 1
65 0 0 0 1 0 1 1 1 1 1 0 1 1 0 1 1 0 1 0 1 0 1 0 0 1 0 1 0 0 1 1 0 1 0 0 0 0 0 1 0 0 1 1 0 1 0 0 0 1 1 0 0 0 1 1 1 0 1 1 0 0 1 1 1 1
60 1 1 1 0 0 0 0 1 0 0 1 1 0 1 0 0 1 1 0 0 0 0 1 1 1 0 1 1 1 0 1 1 0 0 0 0 0 1 1 1 1 0 0 1 1 1 1 1 0 0 1 1 1 0 1 1 0 0 1 1
58 1 0 0 0 1 1 1 0 0 0 0 1 0 1 0 0 1 0 0 0 1 0 1 1 1 1 1 0 1 1 1 0 0 0 1 0 1 1 0 0 0 0 0 0 1 1 0 1 1 0 1 1 1 1 1 1 1 0
91 0 1 1 0 1 1 0 1 1 1 1 0 1 1 0 1 1 1 0 0 0 1 0 0 0 1 0 1 1 1 0 0 1 1 1 0 1 1 1 1 1 0 0 1 1 0 1 1 1 0 0 1 0 1 0 0 1 0 0 0 1 0 0 1 0 1 0 1 0 0 1 0 1 1 0 1 1 0 0 1 1 1 0 1 0 1 1 1 0 1 1
61 0 1 1 1 1 1 1 1 1 1 1 0 1 0 1 0 1 0 1 0 1 1 0 0 0 1 1 0 1 1 1 1 0 1 0 1 1 1 0 0 1 1 0 1 0 0 0 1 1 1 1 1 0 0 1 1 0 0 1 0 1
72 1 1 0 0 1 0 1 0 1 0 0 0 0 0 1 0 0 1 1 0 1 0 1 0 1 0 0 1 1 0 1 1 1 1 0 0 1 0 1 0 0 1 0 1 1 0 0 1 1 1 1 1 0 0 1 1 1 1 1 1 1 0 1 0 1 0 1 1 1 0 1 0
54 0 1 0 0 1 0 1 0 1 1 0 0 0 1 0 1 0 0 0 1 0 0 1 0 1 0 0 1 1 0 0 0 1 0 1 1 1 1 0 0 1 0 1 0 1 1 1 0 0 0 1 1 1 1
87 1 0 0 1 0 1 0 1 1 1 0 1 0 0 0 1 1 1 1 1 0 1 1 0 1 1 1 1 0 0 1 0 0 1 0 1 0 1 0 1 1 1 0 1 0 1 1 0 1 1 1 1 1 0 1 0 0 1 0 0 1 1 0 0 0 0 0 1 0 0 0 1 0 1 1 0 1 0 1 0 1 1 1 1 0 1 0
65 0 0 1 0 0 1 1 1 1 0 1 1 1 0 0 0 0 0 0 0 0 0 0 1 0 1 1 1 0 0 0 0 0 0 1 0 1 0 1 1 1 1 1 0 1 0 1 1 0 0 0 1 0 1 1 0 0 1 1 1 0 1 1 1 0
90 1 0 0 0 1 0 0 0 0 0 1 0 1 0 0 0 0 1 1 0 1 0 1 0 1 0 0 1 1 0 1 1 1 0 1 1 0 0 1 0 1 0 0 1 1 1 1 0 1 1 0 0 0 1 1 1 0 0 1 0 1 1 1 1 0 1 0 1 1 0 0 1 1 1 0 0 1 1 1 0 1 0 1 1 1 1 1 1 0 1
97 0 0 1 0 1 1 1 0 0 1 1 1 1 1 0 0 1 0 0 0 1 0 1 0 0 0 0 0 0 1 1 0 0 0 0 1 0 0 0 1 1 1 0 0 1 0 1 0 0 1 0 0 1 1 0 1 0 1 1 0 0 1 0 1 0 1 0 0 1 0 1 1 1 0 1 1 1 0 0 0 0 1 1 0 0 0 0 0 1 1 1 1 0 0 0 0 0
78 1 0 1 1 0 1 1 0 0 1 0 1 0 0 1 0 1 0 1 0 1 1 1 0 1 0 0 1 1 1 0 1 1 0 0 0 0 0 1 1 0 1 0 1 0 0 0 0 1 0 1 0 1 1 1 1 0 0 0 1 0 1 1 1 0 1 1 0 0 1 0 1 0 0 0 0 1 0
73 0 0 1 0 1 0 0 1 0 1 0 0 0 1 1 1 1 1 1 1 0 0 0 0 1 1 0 1 0 1 0 1 0 0 0 0 1 1 0 1 0 1 0 0 1 1 0 0 0 1 0 1 1 0 0 0 0 1 1 0 0 0 0 0 0 0 0 1 1 0 1 0 0
96 1 1 1 0 1 1 1 0 1 1 0 0 1 0 0 0 1 0 0 1 1 1 1 0 1 1 1 1 0 1 1 1 0 1 0 0 1 0 1 1 1 1 1 1 0 0 1 1 0 0 0 0 1 0 0 1 0 1 1 0 1 0 0 1 0 0 1 0 1 1 1 1 0 0 1 0 1 0 0 0 0 0 1 0 0 1 0 1 0 0 0 1 0 1 0 1
50 1 0 1 1 1 0 0 1 0 1 0 0 0 0 1 0 1 1 0 0 0 0 1 0 0 1 1 0 1 0 0 0 0 0 1 0 1 1 1 1 1 0 1 0 1 0 0 1 0 0
59 1 1 0 1 1 0 0 0 0 1 0 1 0 0 0 0 0 1 0 1 1 0 1 0 1 0 0 0 0 0 1 1 1 0 0 1 1 0 1 1 1 0 0 1 0 1 0 0 0 0 0 0 0 1 0 0 1 1 0
64 0 0 0 0 1 1 0 1 0 1 1 0 0 0 1 0 0 1 0 0 1 1 1 0 0 1 0 0 0 0 1 1 0 0 0 0 0 1 1 1 1 1 0 0 0 0 0 0 0 0 1 0 1 0 0 0 1 1 1 0 0 1 1 1
75 1 0 0 1 0 1 0 0 1 1 0 1 1 0 0 1 1 1 1 1 1 0 1 0 0 0 1 1 1 0 1 1 0 1 0 1 0 0 1 1 0 0 0 1 1 1 0 1 1 0 1 1 1 0 1 0 1 1 0 0 0 0 0 0 1 1 0 0 0 0 1 0 1 0 1
71 1 1 1 1 1 0 0 1 1 0 1 1 0 1 1 1 0 1 1 1 0 0 1 0 1 1 0 0 1 0 0 1 0 1 0 1 1 0 0 1 1 0 0 1 0 0 1 1 1 0 1 0 1 1 1 0 1 0 1 0 0 1 1 1 1 1 0 0 0 1 1
59 0 0 1 0 0 1 0 1 0 0 1 0 0 1 1 1 1 1 1 1 0 1 0 1 1 1 0 0 1 0 1 0 1 0 0 1 1 0 1 1 1 0 0 0 0 0 0 0 0 1 1 0 0 0 1 1 0 0 1
87 1 1 0 1 0 0 1 1 0 0 0 0 0 0 1 1 1 0 0 0 1 0 1 0 1 1 0 0 1 1 1 1 0 1 0 0 0 0 1 0 1 1 1 1 1 0 1 0 0 1 0 0 0 1 1 1 0 0 0 0 1 1 0 0 1 0 1 0 1 0 0 0 1 1 0 0 0 1 0 0 1 0 1 0 1 1 1
59 1 1 1 0 0 1 1 1 0 0 1 1 1 0 0 0 1 1 1 1 1 0 0 1 1 1 1 0 1 1 0 0 1 0 1 0 0 0 1 0 0 0 1 0 0 1 1 0 0 1 1 0 0 1 0 1 0 1 1
59 0 1 1 1 1 0 1 1 1 1 1 1 0 1 1 1 0 0 0 1 1 1 1 0 1 0 0 0 0 0 0 1 1 0 1 0 1 1 0 1 0 0 0 1 0 1 1 0 0 0 0 0 1 0 0 0 1 1 1
76 1 1 0 0 1 1 0 0 0 1 0 0 1 1 0 1 1 1 1 1 0 1 1 1 0 0 1 1 0 0 0 0 1 1 0 0 1 0 1 0 1 1 0 1 1 0 0 0 0 0 1 1 0 0 0 1 1 0 1 0 0 1 0 1 0 0 0 1 1 0 1 0 0 1 0 0
60 0 0 0 1 1 1 0 1 1 0 1 0 0 1 1 1 1 1 0 0 1 0 1 1 0 1 1 1 0 0 0 1 1 1 0 0 1 0 1 0 0 0 1 1 0 1 0 1 0 0 1 1 0 1 0 1 1 0 0 0
71 0 1 0 0 1 1 0 1 0 0 0 0 1 0 1 0 1 1 0 1 1 1 1 1 1 0 1 1 0 1 1 0 0 1 0 0 1 1 0 0 0 0 1 0 1 0 0 1 1 1 0 1 1 0 1 0 1 0 1 0 1 1 0 0 0 0 0 0 1 1 1
65 0 1 0 1 0 0 1 1 0 1 1 0 1 0 1 1 0 0 0 1 1 0 1 1 0 0 1 0 1 0 0 0 0 0 1 1 0 1 1 0 0 0 1 0 1 0 1 1 1 0 1 1 0 0 0 0 0 0 0 1 0 0 0 0 0
55 1 1 0 0 0 0 0 1 0 1 0 0 1 0 1 0 1 1 0 0 0 1 0 1 1 1 0 1 1 0 0 1 1 0 1 1 1 1 1 1 0 1 0 1 0 1 0 0 1 1 1 0 1 0 0
84 0 1 0 0 0 1 0 1 1 1 1 1 0 1 1 0 0 1 0 0 1 1 0 0 1 0 1 1 0 1 0 1 0 1 0 0 0 0 1 1 1 0 0 1 0 1 1 1 0 1 1 1 0 1 0 1 1 0 0 0 0 1 0 0 1 1 1 1 1 0 0 1 1 1 0 0 1 0 1 1 1 0 1 0
70 1 0 0 1 1 1 0 0 1 1 0 1 0 1 0 0 1 1 1 0 1 1 1 1 0 1 1 1 1 0 1 0 1 1 0 1 1 1 0 1 1 1 0 0 0 0 1 1 1 0 1 1 0 0 1 0 1 0 0 1 0 0 0 0 1 1 0 1 0 0
59 0 0 0 1 0 0 1 1 1 1 1 0 1 1 0 0 0 1 0 0 1 0 1 1 0 0 0 1 0 1 1 1 0 1 1 0 1 1 1 1 0 0 1 1 1 1 1 1 0 0 1 1 0 1 0 1 1 1 1
63 0 1 1 0 1 1 1 0 0 1 1 0 1 1 0 0 1 1 0 1 0 1 0 1 1 1 0 0 1 1 0 1 1 1 0 1 1 0 1 1 1 1 1 1 1 1 0 1 0 0 1 0 0 0 0 1 1 0 0 1 0 0 0
66 1 0 0 0 0 0 0 1 0 0 1 1 1 1 0 1 1 1 0 1 1 0 0 1 1 0 0 1 1 0 0 1 1 1 0 1 0 1 1 0 1 1 1 0 1 1 1 1 1 1 0 0 1 0 1 0 1 0 0 1 1 1 1 1 1 0
55 1 1 1 1 1 1 1 1 0 0 0 1 0 0 1 1 1 0 0 1 0 1 1 1 0 0 0 1 1 1 0 0 0 0 1 1 1 0 0 1 1 0 1 0 0 1 1 1 0 1 1 0 0 1 1
75 1 0 1 0 1 1 1 1 1 0 0 1 1 0 0 1 1 1 1 1 0 0 1 0 0 0 1 0 0 1 0 0 1 1 1 1 0 1 0 1 0 1 0 0 0 1 0 1 0 1 1 0 0 0 1 1 1 1 0 1 1 0 1 1 1 1 0 1 0 0 1 1 1 1 0
75 1 1 1 0 0 0 1 0 0 1 1 0 0 0 0 1 0 0 0 1 1 1 0 1 1 1 1 0 1 1 0 0 0 0 1 0 1 0 1 0 1 1 0 0 0 1 1 0 0 0 1 1 1 0 0 1 0 1 0 1 1 1 0 1 0 1 0 1 0 1 0 0 1 0 0
60 1 0 1 0 1 1 1 1 1 0 1 1 0 0 1 0 0 0 0 1 0 0 0 0 0 1 1 0 1 1 1 1 1 1 1 0 0 1 0 0 0 0 1 1 1 1 0 0 0 1 1 0 0 1 0 0 1 1 1 1
77 0 1 0 1 1 0 0 0 0 0 0 1 1 0 0 0 0 0 0 0 0 0 1 0 0 1 1 0 1 1 0 0 0 1 1 1 1 0 1 0 0 1 0 1 1 0 0 0 0 0 1 0 0 0 1 0 0 0 0 0 1 0 0 1 1 1 0 1 1 1 1 0 1 0 0 0 1
82 0 1 1 0 1 0 1 0 0 1 1 1 1 1 1 1 0 0 0 1 0 1 1 1 1 0 1 0 1 0 0 0 1 0 0 1 1 0 0 0 0 0 1 0 1 0 0 1 1 1 0 0 0 1 0 1 0 0 0 0 0 0 1 0 1 0 0 0 0 1 1 1 1 1 0 0 1 1 0 0 0 1
94 1 1 1 0 1 0 0 0 0 0 1 1 1 0 0 1 0 0 1 1 0 1 0 1 1 0 1 1 0 1 0 1 1 0 1 1 1 1 1 1 0 1 0 0 1 1 0 0 1 1 1 1 1 1 0 0 1 1 0 0 0 0 1 0 0 1 1 1 1 1 0 0 0 1 1 0 0 1 0 1 0 1 0 1 0 0 0 0 1 1 0 1 1 0
74 1 0 1 1 1 0 1 1 0 1 1 0 0 0 1 0 1 0 1 0 1 1 0 0 0 1 1 0 0 0 0 0 0 0 1 0 1 1 1 0 1 1 1 0 1 0 0 1 0 1 1 1 1 0 0 0 0 0 1 0 0 1 1 0 0 0 1 0 1 1 0 1 1 0
63 0 0 0 1 1 0 0 1 0 1 0 1 0 1 0 0 1 1 0 1 1 1 1 0 0 0 0 1 0 0 0 1 0 1 0 0 1 1 0 0 0 0 0 1 1 1 0 0 1 1 0 1 1 1 0 0 1 0 0 0 1 1 1
84 0 1 1 0 1 0 1 0 0 0 1 0 0 1 0 1 1 0 0 0 0 1 0 1 0 1 1 0 1 1 1 0 1 1 0 1 0 1 1 0 0 1 0 1 1 0 0 0 1 1 0 0 0 1 1 0 1 0 1 1 1 1 0 1 0 0 1 0 1 1 1 1 1 1 0 0 0 0 0 1 0 1 0 0
66 1 1 1 1 1 1 1 1 1 1 1 1 0 1 0 0 0 0 1 1 1 0 1 0 0 0 0 1 1 1 0 1 1 0 0 0 1 1 1 0 0 0 0 0 0 0 1 1 1 0 1 1 0 0 0 1 1 0 0 0 0 1 0 0 0 0
57 0 1 0 0 0 1 0 1 0 0 0 1 1 0 0 1 1 1 1 1 1 1 0 1 0 1 1 0 1 0 0 0 1 0 0 1 1 0 1 1 1 1 0 1 0 0 1 1 0 0 0 1 1 0 0 1 1
58 0 1 0 1 0 0 0 0 0 1 1 1 0 1 0 0 0 1 0 0 1 0 1 1 0 0 1 1 0 0 0 0 0 0 1 1 0 0 0 0 0 0 1 1 0 1 0 1 0 1 1 0 1 1 1 0 1 1
88 0 1 0 1 0 1 0 0 1 0 1 0 1 1 1 1 1 0 0 1 0 1 0 0 0 1 0 1 0 1 0 1 0 1 1 0 1 1 1 1 0 1 1 0 1 1 0 1 1 1 1 1 0 0 0 1 0 0 1 0 1 0 1 0 1 0 1 1 0 0 1 1 0 0 0 1 0 0 0 1 1 1 0 1 0 1 1 1
64 1 0 0 0 0 1 0 0 0 0 1 1 0 0 0 1 0 1 1 1 0 0 0 0 1 0 1 0 0 1 1 0 1 0 1 1 0 0 1 1 1 1 1 1 0 0 1 0 0 1 1 1 1 1 0 1 1 0 0 1 0 0 1 0
69 0 1 0 0 0 1 0 1 0 0 0 0 1 0 1 1 1 0 0 1 1 0 1 0 1 0 0 1 0 1 1 1 1 1 1 0 1 0 1 0 0 1 1 1 1 0 1 1 1 0 0 0 1 0 0 0 1 1 0 0 0 0 1 0 0 0 0 1 0
99 1 0 0 0 0 0 0 1 0 0 1 0 1 0 1 1 1 1 0 0 1 0 1 1 1 0 0 1 0 0 0 1 0 0 0 1 0 1 1 0 0 1 1 0 1 0 0 1 0 0 1 0 1 0 0 0 0 0 0 0 0 1 1 1 0 1 0 1 0 1 1 1 1 0 1 1 0 1 0 1 0 0 1 1 0 0 0 0 1 0 0 1 1 0 0 1 1 0 1
75 0 0 1 0 0 0 1 0 0 0 0 0 0 0 1 0 1 1 0 1 0 0 0 0 1 0 0 0 0 1 1 1 1 0 1 0 0 0 0 0 1 0 1 0 1 1 1 0 1 0 1 0 1 0 1 1 0 0 0 0 0 1 1 1 0 0 1 0 0 1 1 1 0 0 1
64 1 1 0 1 1 0 1 1 0 0 1 0 0 1 0 1 0 1 0 1 1 1 0 1 1 1 0 1 0 0 1 1 1 0 0 1 0 1 0 1 0 1 1 0 1 1 1 1 0 1 0 1 0 0 1 0 0 1 0 1 1 0 1 1
57 0 0 0 0 1 0 1 1 1 0 0 1 1 0 1 0 1 1 0 1 1 1 0 1 1 1 1 1 0 1 1 0 1 0 0 1 1 0 0 0 0 0 0 1 1 1 0 1 0 0 0 1 0 1 0 0 1
98 0 1 1 0 0 1 0 0 1 0 0 0 0 1 0 1 0 0 0 0 0 1 1 0 1 1 1 0 1 1 0 0 0 0 0 1 1 1 0 1 0 1 1 0 1 0 0 0 1 1 1 0 0 0 1 1 1 1 0 1 0 0 1 1 0 0 0 0 1 0 1 1 1 0 0 1 1 1 1 0 1 0 1 0 1 1 1 0 0 0 1 0 1 1 0 0 1 1
73 1 0 1 1 0 0 1 0 0 1 0 0 0 1 1 1 0 1 1 1 1 1 0 0 0 1 1 1 0 0 1 1 1 1 0 0 1 0 0 0 1 1 0 0 0 1 1 0 0 0 0 1 0 1 1 0 0 1 1 1 1 1 0 0 0 1 0 0 1 1 1 0 1
76 1 0 0 0 1 0 0 1 1 0 0 0 0 0 1 1 1 1 0 1 0 0 0 1 1 1 1 1 1 0 0 0 1 1 1 0 1 0 0 0 0 0 1 0 0 0 1 0 0 1 1 1 1 0 1 0 1 0 0 1 0 1 0 1 1 1 1 1 0 0 0 0 0 0 1 1
58 0 1 0 0 1 1 0 0 0 1 0 1 1 0 0 0 0 1 1 0 0 1 0 1 1 0 0 1 1 1 0 1 0 1 1 1 0 0 1 0 0 1 0 0 0 0 0 1 1 0 0 0 0 0 1 1 0 0
67 1 1 0 0 1 0 1 0 0 1 1 1 1 0 0 0 0 0 0 0 0 0 0 1 0 1 1 1 0 1 1 0 0 0 1 0 1 1 0 0 1 0 0 0 0 0 1 1 1 1 0 0 0 1 0 1 1 0 0 1 0 0 1 0 0 1 1
93 1 1 0 1 0 1 0 0 0 1 0 1 0 1 0 0 0 1 1 0 0 1 0 1 0 1 1 1 0 0 0 1 1 0 0 1 1 0 0 0 1 1 1 0 1 0 0 1 1 0 1 1 0 1 1 0 0 1 0 1 1 1 0 0 0 0 0 1 0 0 0 1 0 1 0 0 1 1 0 0 0 1 0 1 0 1 1 0 0 1 0 0 1
77 1 0 0 0 1 1 0 1 1 1 0 0 0 1 1 0 0 1 0 0 1 0 1 0 1 0 1 0 1 1 0 0 0 0 1 1 1 0 1 0 1 1 0 1 0 1 0 1 0 1 0 0 1 0 1 1 0 0 0 0 0 0 0 0 0 0 1 0 1 0 0 1 0 1 0 1 1
92 1 1 0 1 0 0 0 1 1 1 1 1 0 1 0 1 0 1 0 0 0 0 1 1 0 1 1 0 0 0 0 1 0 1 0 1 0 0 0 0 1 1 1 1 1 0 0 0 0 1 0 0 1 1 0 0 1 0 1 0 0 0 0 0 0 1 0 0 1 0 1 0 0 0 0 1 0 0 0 1 1 0 0 0 1 0 0 1 1 0 0 1
75 1 1 0 1 1 1 0 1 0 1 0 0 0 1 1 0 1 1 0 0 0 0 0 0 0 0 1 1 1 0 1 1 1 0 0 1 1 0 1 1 0 1 0 0 0 1 0 1 1 0 1 1 1 0 0 1 1 0 0 0 1 1 1 0 1 1 0 1 1 0 1 0 0 0 1
94 1 1 0 0 1 1 0 1 0 1 1 1 0 0 0 0 0 0 0 0 1 1 0 0 1 0 1 1 0 0 0 1 1 0 1 0 0 0 1 0 0 1 0 0 0 0 1 0 0 0 1 1 1 1 0 1 0 1 0 0 0 1 1 1 1 0 0 0 1 0 1 0 1 1 0 1 0 0 1 1 0 0 0 1 0 1 1 1 1 0 1 1 0 1
69 0 0 1 1 0 0 0 0 1 0 1 0 0 1 0 1 1 1 1 1 1 0 0 0 0 1 0 1 0 0 1 1 0 1 1 0 0 1 1 1 1 1 0 0 1 0 0 0 0 1 0 1 0 1 1 1 0 1 1 1 1 0 1 0 1 1 0 0 0
94 1 0 1 0 1 1 0 0 1 1 1 0 1 0 0 1 1 0 1 1 0 1 0 0 1 1 0 0 1 0 0 0 1 1 1 0 1 0 0 0 0 0 0 1 1 0 0 1 0 1 0 0 1 0 0 0 1 1 1 1 0 1 0 1 0 0 0 1 0 0 1 0 1 0 0 0 0 0 1 0 1 0 1 1 0 0 0 0 1 0 0 1 0 1
72 0 1 0 0 0 1 1 1 1 1 0 1 0 0 1 0 0 0 1 0 0 0 0 1 1 0 1 0 0 0 0 0 1 1 0 0 0 0 0 1 0 0 0 1 0 1 1 1 1 0 0 0 1 1 0 0 1 1 0 0 1 0 0 0 0 0 1 0 0 1 0 0
70 0 0 1 1 0 0 0 1 1 1 0 1 1 1 0 0 1 0 1 0 1 1 0 1 0 1 1 1 0 1 1 1 1 0 1 1 1 1 1 0 1 1 1 0 0 1 1 0 1 0 0 0 0 0 0 1 1 1 0 1 0 1 0 1 1 0 0 1 0 0
88 0 0 0 1 1 1 1 1 1 1 0 1 0 1 1 1 0 0 1 1 0 1 1 1 1 1 1 1 0 0 0 0 0 0 1 0 1 1 1 0 1 0 1 1 1 1 0 1 1 1 1 1 1 1 1 1 1 1 0 1 1 0 0 0 0 0 1 1 0 1 1 0 0 1 1 0 0 0 1 0 0 0 1 1 0 0 1 1
59 0 0 1 0 1 1 0 0 1 0 1 0 0 1 1 0 1 1 1 1 0 1 0 0 1 1 0 1 0 1 0 1 0 0 0 0 0 1 1 0 0 0 1 0 1 0 0 1 1 0 1 1 0 0 1 1 1 0 1
61 1 0 0 0 1 0 0 0 0 0 1 0 1 1 1 1 1 1 1 1 1 0 1 1 0 1 1 0 1 0 0 0 1 1 0 0 1 0 1 1 1 0 0 1 1 1 1 1 0 1 1 0 0 0 1 0 0 0 0 0 0
83 1 1 0 0 1 1 1 0 1 0 1 1 1 1 1 1 1 1 0 0 0 1 0 1 1 0 1 1 1 1 0 0 1 0 0 1 0 0 0 1 0 0 0 1 0 1 0 0 0 1 1 0 1 0 1 1 1 1 1 0 1 1 0 1 1 0 0 1 0 0 0 1 0 0 0 1 1 0 0 1 0 0 0
82 1 0 0 0 0 1 0 0 0 1 1 0 1 1 1 1 0 0 0 1 0 0 0 0 0 1 1 0 0 1 0 0 0 0 1 1 0 0 1 1 1 0 0 1 0 0 0 0 0 0 0 1 0 1 1 0 1 1 0 1 0 0 0 0 0 1 0 1 0 1 1 0 1 0 0 0 1 0 0 0 0 0
89 0 1 1 0 1 1 1 1 0 1 1 1 1 1 1 1 0 1 1 1 0 0 0 1 1 0 0 1 0 1 0 1 1 0 0 1 0 1 0 0 1 0 1 0 0 0 0 0 1 0 1 0 1 1 0 0 0 1 0 1 0 0 0 1 0 0 1 1 1 1 1 1 1 0 1 1 0 0 0 1 1 0 0 1 0 1 1 0 0
94 0 0 1 0 1 1 0 1 1 1 0 0 1 1 1 1 1 0 1 0 0 1 1 1 0 0 1 1 1 1 0 0 1 1 0 1 1 1 0 0 1 0 1 0 0 1 0 0 1 0 0 1 0 0 1 1 1 1 0 1 0 1 0 0 1 0 0 1 0 0 0 0 0 1 0 1 0 1 0 1 1 1 1 0 0 0 0 0 1 1 1 0 0 0
76 1 1 0 0 1 0 0 1 0 0 0 0 0 1 1 0 0 1 0 1 0 0 1 1 1 1 0 0 1 1 1 1 1 1 0 0 1 1 0 1 0 1 1 1 1 1 0 0 1 0 1 1 1 0 0 1 0 1 0 0 1 1 0 1 1 0 0 0 0 0 0 0 1 0 1 1
78 0 0 0 0 0 0 1 0 0 0 1 0 0 1 1 0 1 0 0 0 1 1 1 0 1 0 0 1 1 1 0 1 0 1 1 1 0 1 0 0 1 1 0 1 0 0 0 0 0 0 0 0 0 0 1 0 1 1 0 1 0 1 0 1 0 0 0 0 1 0 0 1 1 1 0 1 0 0
100 1 0 1 1 1 1 0 1 1 0 1 0 0 0 1 0 1 0 1 1 0 0 1 1 0 1 1 0 0 1 1 0 0 0 0 1 1 1 0 1 0 0 0 0 1 0 1 0 1 0 1 0 1 1 0 0 0 0 0 0 0 0 0 1 0 0 1 0 1 0 0 1 1 0 1 1 1 1 1 1 1 0 0 0 0 1 1 1 1 0 0 1 0 0 0 0 0 0 1 1
100 1 0 0 1 0 1 0 0 0 1 1 1 0 0 0 1 0 1 1 0 1 0 1 1 0 1 0 1 1 0 0 0 0 0 1 0 1 0 0 0 0 0 0 0 0 1 0 1 1 0 0 0 0 0 1 0 0 1 0 1 0 1 0 0 1 1 1 0 0 1 1 0 0 0 0 0 0 1 1 0 1 0 1 0 1 0 0 1 1 1 1 0 0 0 0 0 0 0 1 0
94 0 1 1 1 0 0 0 1 1 1 1 1 1 1 0 0 0 1 1 0 0 0 0 1 0 0 1 0 1 1 1 0 1 1 0 1 0 1 1 1 0 0 0 1 0 0 1 1 1 1 1 1 0 0 1 0 0 0 0 1 0 0 0 1 0 0 1 1 0 0 0 0 1 0 1 1 0 1 1 0 0 1 1 0 1 1 0 0 0 1 1 1 0 0
51 1 1 1 0 1 1 0 0 0 0 0 1 0 0 1 1 1 0 0 1 1 1 1 0 1 0 0 1 1 0 1 1 1 1 1 0 0 0 1 1 0 0 1 1 0 0 1 1 0 1 1
59 0 1 1 1 0 0 1 0 0 0 1 0 0 1 0 0 0 1 0 1 1 1 0 1 0 0 1 1 1 0 0 1 0 0 0 1 1 0 0 0 0 1 1 0 0 1 0 0 0 1 0 1 1 0 1 1 0 1 1
86 0 1 0 1 0 0 0 0 1 0 1 0 0 1 1 1 0 1 1 0 0 0 1 1 1 0 0 0 0 1 0 1 1 1 0 1 1 0 0 1 1 1 1 0 1 0 0 1 0 1 1 0 0 0 0 0 0 0 1 0 0 0 0 0 0 0 1 1 0 0 0 1 1 1 1 1 1 1 0 1 1 0 1 0 1 1
71 0 1 0 0 0 0 1 0 0 1 1 0 1 1 1 1 1 0 1 1 1 1 0 1 0 0 1 1 1 1 1 1 0 0 0 1 0 1 1 0 1 0 0 0 0 1 1 1 1 1 0 1 0 1 0 1 0 1 0 1 0 0 1 0 0 0 0 1 1 1 0
66 1 1 0 1 1 0 0 1 1 0 1 1 1 1 0 1 0 1 1 1 0 1 0 0 1 1 0 1 1 0 1 1 0 1 1 0 1 0 1 1 0 1 0 0 1 0 0 1 1 1 1 0 0 0 0 0 1 0 1 1 0 1 1 0 1 0
54 0 0 1 1 1 1 1 0 0 0 1 0 0 1 1 0 1 0 0 1 0 1 0 0 1 0 0 0 0 1 0 1 1 1 0 0 1 1 1 0 1 0 1 1 0 0 1 1 1 0 1 1 1 1
57 1 1 0 0 0 0 0 0 0 1 0 0 1 0 0 1 1 1 1 1 0 0 0 0 1 1 0 1 0 0 0 0 0 0 1 1 1 0 1 1 1 1 0 0 1 1 0 0 1 0 1 1 1 1 1 0 0
86 1 0 0 0 0 1 1 1 1 1 1 0 0 1 1 1 0 0 1 0 1 1 0 1 0 1 0 1 1 0 0 1 0 1 1 1 0 0 0 1 1 0 1 1 0 0 1 0 1 1 0 0 1 0 0 1 1 0 1 1 1 1 0 1 0 0 0 0 1 0 0 1 1 1 0 1 0 1 0 0 0 0 0 1 1 1
99 0 1 1 1 0 0 0 1 1 1 0 1 0 0 0 0 1 0 1 0 1 0 1 0 0 1 1 0 0 0 1 0 1 1 1 0 0 0 0 0 0 1 0 1 0 0 1 1 1 1 1 1 0 0 0 0 1 1 1 1 1 1 1 1 1 0 1 0 0 0 0 1 1 0 0 1 0 0 0 1 0 0 0 0 0 0 0 0 1 0 0 1 0 0 0 0 1 1 0
80 0 1 0 0 0 0 0 1 0 1 1 0 0 1 1 0 1 0 1 1 0 0 1 0 0 0 1 1 0 0 0 0 0 1 0 1 1 0 1 1 1 1 1 1 0 1 0 0 1 0 1 0 1 1 0 0 0 0 1 1 0 1 1 1 0 0 0 1 1 1 0 1 0 0 1 1 1 1 1 1
85 0 0 1 0 1 1 0 1 1 1 1 1 1 1 1 1 1 1 0 0 0 1 1 0 0 0 1 0 0 0 0 1 0 0 1 0 1 0 0 0 0 1 1 1 1 0 0 1 1 0 0 0 1 0 1 0 0 0 1 1 0 1 0 1 1 0 1 1 1 0 0 1 0 0 1 0 0 0 0 1 0 1 1 1 1
55 0 0 1 1 0 0 1 0 0 0 1 1 1 0 0 1 0 1 1 0 1 1 1 0 0 0 1 0 1 0 0 1 0 0 1 0 1 0 0 0 1 0 1 1 1 1 0 0 1 1 1 0 0 0 1
61 1 1 0 0 1 1 1 0 0 1 1 0 1 1 1 1 1 0 1 1 0 1 1 1 0 0 1 0 1 0 0 1 1 1 1 1 0 1 0 1 1 0 1 1 0 0 0 0 1 1 0 1 0 0 1 1 0 1 1 0 0
62 0 1 0 1 1 1 1 1 0 0 0 1 1 0 0 0 1 0 0 0 0 0 0 1 0 0 0 1 1 0 1 1 0 0 0 0 1 1 0 0 1 0 1 0 0 0 0 0 0 1 0 0 1 1 0 1 1 1 1 0 1 0
72 1 1 0 1 0 0 0 1 0 0 1 0 1 0 0 1 1 0 0 1 1 0 0 1 0 0 1 1 1 0 1 0 1 0 0 1 0 1 1 1 1 0 1 1 0 1 0 1 1 0 1 1 0 1 0 1 0 0 1 1 0 0 1 0 1 0 1 0 1 1 1 0
