100
83 0 0 0 1 1 0 0 1 0 0 1 0 0 0 0 0 0 0 1 1 1 1 1 1 1 1 0 1 1 1 0 1 1 0 0 1 0 0 1 1 1 1 0 0 1 1 0 0 0 0 1 0 0 1 0 0 1 0 1 0 1 1 0 1 0 0 1 1 0 1 0 1 1 0 1 0 1 1 1 0 0 0 1
66 1 0 0 0 1 0 1 0 0 0 1 0 0 1 0 0 1 1 0 0 0 0 0 0 1 1 1 1 1 0 0 1 1 0 0 1 0 0 1 0 0 0 0 0 1 1 0 0 0 1 1 0 1 0 1 1 0 1 0 1 0 0 0 1 1 1
89 0 1 0 1 1 1 0 1 1 0 0 1 0 1 1 0 1 1 0 0 0 0 1 1 1 0 0 1 0 0 1 1 0 0 0 1 1 1 0 1 1 1 1 0 0 1 1 1 0 0 0 0 1 1 1 0 0 0 1 1 1 1 0 0 0 1 0 1 0 0 0 0 0 0 0 0 0 0 0 0 1 0 0 1 1 1 0 0 0
71 1 1 1 1 0 0 0 1 0 1 1 1 1 0 1 0 0 0 1 0 0 0 0 1 0 1 0 0 0 0 0 0 0 0 1 0 1 0 1 0 1 0 0 1 1 1 1 1 0 1 1 1 0 1 0 1 1 1 0 1 1 1 1 1 1 0 0 0 0 1 1
76 0 0 0 1 1 1 1 1 0 0 0 1 0 0 0 0 0 0 0 0 0 0 0 0 0 0 0 1 1 0 0 1 0 1 1 1 0 0 1 0 1 1 0 0 0 0 0 1 0 0 1 1 1 1 0 1 1 0 1 1 0 1 1 0 1 0 1 1 1 0 1 0 1 1 0 1
64 0 1 0 1 1 1 0 0 0 1 0 1 1 1 0 1 1 1 1 0 0 0 1 1 1 1 1 0 1 1 0 1 0 1 1 1 1 1 0 1 1 1 1 1 0 0 0 0 1 0 0 0 1 1 1 1 1 0 1 1 1 1 1 0
74 1 0 0 1 0 0 0 0 0 1 0 1 1 1 1 1 0 1 0 1 1 1 0 0 1 0 1 1 0 1 1 1 1 0 0 1 1 1 1 1 1 1 1 1 0 1 1 0 0 0 1 1 0 1 0 1 1 0 0 0 1 1 0 0 0 0 0 0 0 0 0 0 1 0
58 0 1 0 1 1 0 1 0 0 0 1 1 1 0 1 0 1 0 1 0 1 0 0 0 0 1 0 1 1 0 0 0 1 0 1 0 1 0 0 0 0 1 0 1 0 1 1 0 0 1 0 0 0 0 0 1 0 1
79 0 1 0 1 1 0 0 0 1 0 0 1 1 1 1 1 1 0 1 0 1 0 1 0 1 0 0 1 1 0 0 1 1 1 1 0 1 1 1 1 0 1 0 0 0 1 1 1 1 1 1 0 0 0 0 1 1 1 1 0 0 0 1 1 1 0 1 0 1 1 0 1 1 0 1 1 1 0 1
91 1 0 1 1 1 0 1 0 0 1 0 1 0 1 1 1 0 0 0 1 0 0 0 0 0 1 1 1 0 0 1 1 1 1 0 1 0 1 0 1 0 0 1 1 0 0 1 1 0 1 0 1 0 1 0 0 0 1 1 1 1 1 0 1 1 0 0 0 1 0 0 1 1 1 0 1 1 0 1 0 0 0 1 1 0 0 0 0 0 1 1
100 1 1 1 1 0 1 0 0 1 1 0 0 1 0 1 0 0 1 0 0 0 1 1 0 0 1 1 0 1 1 0 1 0 1 1 0 0 1 1 1 0 0 0 1 1 1 1 1 1 0 1 0 0 1 0 0 1 0 1 1 0 1 1 0 1 0 1 0 1 1 0 1 1 0 0 1 0 1 1 1 0 1 0 1 0 1 0 1 1 1 0 1 1 0 1 1 1 0 0 0
93 1 0 1 0 0 0 1 1 1 0 1 0 0 0 1 1 1 0 0 0 0 1 1 0 0 0 0 0 0 0 0 0 1 0 1 0 1 1 0 0 0 1 0 1 0 1 0 0 1 1 1 1 1 0 1 0 0 0 0 1 0 0 0 1 0 0 0 0 1 0 1 0 0 1 1 1 0 1 1 0 1 0 0 1 1 1 0 0 1 0 1 0 1
79 0 0 1 1 1 1 0 1 0 1 0 1 0 0 0 0 1 0 0 0 0 1 1 0 0 0 0 0 1 1 1 0 1 0 0 0 0 1 1 1 0 0 0 0 1 0 0 1 1 0 0 1 0 0 1 1 1 0 1 0 1 1 0 1 0 0 0 1 0 1 0 0 1 1 0 1 1 0 1
50 0 1 0 1 0 1 1 1 0 0 0 1 0 0 1 1 0 0 0 0 0 1 1 0 1 0 0 0 1 0 0 0 0 1 0 0 0 1 0 1 1 0 0 0 1 1 0 0 0 0
84 0 0 1 1 0 1 1 1 1 0 1 0 0 0 0 0 1 0 0 0 0 1 0 1 1 0 0 0 1 1 0 1 0 0 1 0 1 1 0 1 0 0 1 0 0 1 1 0 1 1 0 1 0 1 0 0 1 0 1 0 1 0 0 0 0 0 0 0 0 1 1 1 0 0 0 1 0 0 0 0 0 0 1 1
90 0 0 1 1 1 1 1 1 1 0 1 1 1 1 1 1 0 1 0 1 0 0 1 0 0 1 1 1 1 1 0 1 1 1 1 1 0 1 0 1 0 0 1 0 1 0 0 0 0 1 0 0 0 0 0 1 1 0 0 0 1 1 0 1 0 1 1 0 0 0 0 0 0 1 1 1 1 1 1 1 0 0 1 0 1 0 1 0 1 1
93 0 0 0 1 1 1 0 1 0 1 0 0 0 0 1 0 1 0 1 0 0 1 1 1 1 0 0 0 1 0 1 0 0 1 1 1 1 0 0 0 1 0 0 0 0 1 0 0 0 1 0 0 1 1 1 0 0 1 0 1 0 1 0 1 0 1 0 0 0 1 1 1 1 0 0 1 0 0 1 1 1 0 0 0 1 1 1 0 0 0 0 0 1
50 1 0 0 1 1 1 0 0 1 1 0 0 0 1 0 1 1 0 0 1 1 1 0 0 1 0 0 1 1 0 0 0 1 0 1 0 1 1 1 1 1 0 0 1 0 0 0 0 0 1
92 0 0 0 1 1 0 1 0 0 1 1 0 0 0 1 1 1 0 0 1 0 1 0 1 0 1 1 0 1 1 1 1 0 0 0 0 1 1 1 1 1 0 1 1 1 1 1 0 1 0 1 1 1 0 0 0 0 0 1 0 1 0 0 1 1 0 1 1 0 1 0 1 0 1 1 1 0 0 1 0 0 0 0 1 0 1 1 0 1 1 1 1
51 1 1 0 0 1 1 0 1 0 0 1 1 1 1 0 1 1 0 1 1 1 1 0 0 0 0 1 0 1 0 1 1 1 0 0 1 0 0 1 1 0 0 0 0 1 0 0 0 1 1 0
58 1 1 0 0 1 1 0 1 1 0 1 0 1 1 1 0 1 0 0 1 0 1 0 1 0 1 1 1 1 0 1 1 1 1 0 1 0 0 0 1 0 1 0 1 0 0 0 0 0 0 0 0 1 0 1 0 0 1
63 1 1 1 0 1 0 1 0 1 0 0 1 0 0 1 1 0 0 0 0 1 0 0 0 0 0 1 1 0 1 0 0 1 1 0 1 1 1 0 0 0 1 1 0 1 0 1 0 0 1 1 0 0 0 0 1 0 1 1 1 0 1 1
52 0 1 1 0 1 0 1 0 0 0 0 0 0 1 0 1 0 1 0 0 0 0 1 0 0 0 0 1 1 0 0 1 1 0 0 1 0 1 1 1 0 0 0 1 0 1 0 0 1 0 0 1
87 1 1 1 1 1 1 1 0 1 1 0 1 1 0 0 1 1 1 0 1 0 1 0 0 0 0 1 0 0 1 0 1 0 0 0 1 1 1 1 0 0 1 0 0 0 0 1 1 1 1 1 0 0 0 1 1 0 0 1 1 0 1 0 1 1 1 1 0 0 0 1 0 0 0 0 1 0 0 1 0 0 0 0 1 1 0 0
52 1 1 1 1 0 1 0 0 1 0 0 0 1 0 1 1 1 0 1 0 0 0 0 1 0 1 1 1 1 0 0 1 0 0 1 0 1 1 0 0 1 0 1 0 1 0 0 1 0 1 1 0
98 0 0 0 0 1 0 1 1 1 1 0 1 1 1 0 0 0 0 1 1 0 0 1 0 1 1 0 0 0 0 0 1 1 0 0 0 1 1 1 1 1 0 1 1 0 1 1 0 1 0 0 1 1 0 1 0 1 1 0 0 1 0 1 1 1 1 1 0 1 1 0 1 0 0 1 1 1 1 0 1 1 0 0 0 0 1 0 0 0 0 0 0 0 0 1 0 0 1
98 1 0 0 0 0 1 0 1 1 1 1 0 1 0 0 1 0 0 1 1 1 1 1 0 1 0 0 0 1 0 0 0 0 0 1 1 1 1 1 1 1 0 1 1 1 1 0 0 1 0 1 1 1 0 1 0 1 0 0 1 0 1 1 0 0 1 0 1 0 0 0 0 0 0 0 1 0 1 0 1 1 1 0 1 0 1 0 0 0 0 1 1 1 1 1 0 0 0
77 1 0 1 0 0 0 1 0 0 1 0 0 0 1 1 1 1 1 1 1 0 1 0 0 0 1 0 0 0 1 0 1 0 0 0 1 1 0 1 1 1 1 1 1 1 0 1 0 1 1 1 1 0 0 1 0 0 0 0 0 1 1 0 0 1 0 1 0 0 1 0 1 0 0 1 0 0
87 1 1 1 1 1 1 1 1 0 0 1 1 1 0 1 0 1 0 0 0 0 0 1 1 1 1 0 1 0 0 1 0 0 0 1 1 1 1 0 0 1 0 0 1 1 0 0 1 1 1 1 1 1 0 0 1 1 0 1 0 1 0 1 0 1 0 1 0 0 0 1 1 1 0 1 0 0 1 1 1 1 0 0 0 1 0 1
87 0 1 0 0 1 1 1 0 1 0 0 1 1 1 1 1 0 1 0 0 0 1 1 0 1 1 1 1 0 1 1 1 0 0 0 0 1 0 1 1 1 1 0 1 1 0 0 0 0 1 1 0 1 1 0 0 1 0 1 0 1 1 0 1 1 0 0 1 1 1 0 1 1 1 1 0 0 1 0 0 1 1 0 0 0 1 1
66 0 1 1 0 1 1 0 1 1 1 0 1 0 1 1 0 0 1 0 1 0 1 1 1 0 0 1 0 0 1 0 1 0 1 1 1 1 1 1 1 0 0 1 0 1 0 1 1 1 0 0 0 0 0 0 1 1 1 1 0 1 1 1 0 1 0
57 0 0 0 1 0 0 0 0 0 0 1 0 1 0 0 0 1 1 0 0 1 0 1 1 1 1 0 1 0 1 1 0 0 0 0 1 1 0 1 1 0 1 0 1 0 1 1 1 0 0 1 1 1 1 0 0 0
80 1 0 1 0 1 1 1 0 0 0 0 1 1 1 1 0 0 1 0 1 0 1 1 0 1 1 1 0 1 0 1 1 1 0 1 0 1 1 0 0 1 1 0 0 1 1 0 0 1 1 0 0 1 0 0 1 1 0 1 1 0 0 1 0 0 1 0 1 0 1 0 1 1 1 0 0 1 1 0 0
64 0 0 1 0 0 0 0 1 1 0 1 1 1 1 1 0 0 1 0 0 1 1 0 1 0 1 1 1 1 0 0 0 1 1 0 1 1 0 0 0 0 0 0 1 0 0 1 1 1 0 0 0 0 0 0 1 0 1 1 1 1 1 1 0
78 0 0 1 0 0 1 1 1 0 0 1 0 1 0 0 0 1 1 0 1 0 0 1 0 0 1 0 1 0 1 0 0 0 0 0 0 0 0 0 0 1 0 1 1 1 0 1 0 0 1 0 0 1 1 1 1 0 0 0 0 1 1 1 0 1 0 1 1 1 1 1 1 0 0 1 1 0 1
61 1 0 0 0 1 1 0 1 1 0 1 1 1 0 1 0 0 0 1 0 0 1 1 0 0 0 1 0 1 1 0 1 0 0 1 1 0 0 1 1 1 0 1 1 0 0 0 1 0 0 1 1 0 1 1 1 1 0 0 0 1
94 1 0 0 1 1 1 0 0 0 0 0 0 1 0 1 0 0 0 0 0 0 1 0 0 1 0 1 1 0 0 0 1 1 0 1 0 1 1 0 1 0 0 0 0 1 1 1 1 0 1 0 1 1 1 1 0 0 0 1 1 1 0 0 0 1 0 0 1 0 0 0 1 0 1 0 1 0 1 1 0 0 0 0 0 0 0 1 1 1 1 0 0 1 0
98 0 1 1 1 0 1 0 1 0 1 0 1 1 0 1 1 1 1 1 1 0 1 1 0 1 0 1 1 0 1 0 0 0 1 0 1 0 1 1 1 0 1 1 0 1 1 1 1 0 0 0 1 1 0 1 1 0 0 0 0 0 1 0 1 0 1 0 1 1 0 0 0 1 1 1 1 0 0 0 0 1 0 1 1 0 0 1 1 1 1 0 0 1 0 1 0 0 0
96 0 1 1 1 0 1 0 0 1 0 0 1 1 0 0 0 0 1 0 0 0 1 1 0 0 1 1 0 1 0 0 0 0 0 1 0 0 1 0 0 1 0 1 0 0 1 0 0 1 1 0 0 0 0 1 0 0 1 1 0 0 0 1 0 1 1 1 1 1 1 0 1 0 0 0 0 0 0 1 0 0 1 0 1 0 1 1 1 1 1 1 0 1 0 0 0
54 0 0 0 0 0 0 1 0 0 1 1 1 0 0 0 0 1 0 0 0 1 0 0 0 1 0 1 0 0 0 0 1 0 0 1 1 1 0 1 0 0 1 0 0 0 1 1 0 0 0 0 1 1 1
99 1 0 0 0 1 0 0 0 1 1 0 0 1 1 1 1 0 1 0 1 1 0 1 0 1 1 0 0 1 1 1 1 0 0 0 1 1 0 1 1 0 0 0 1 0 1 1 0 0 0 1 0 0 0 0 1 1 1 0 0 0 0 1 0 0 0 1 1 1 0 1 1 1 0 1 1 0 1 0 1 1 0 1 1 0 1 0 1 1 0 0 0 0 1 1 1 1 0 0
60 0 0 1 1 1 1 1 1 0 0 0 1 0 1 1 0 0 0 1 0 0 1 0 1 1 0 0 0 0 1 0 1 1 0 1 0 0 0 0 1 1 0 0 1 0 0 1 0 0 1 1 1 1 0 0 1 1 1 1 0
64 1 1 0 1 1 0 0 0 0 0 0 0 1 1 1 1 0 1 1 0 1 1 1 0 1 0 1 0 0 1 0 0 1 1 1 1 1 1 0 0 0 0 0 1 1 0 0 0 1 0 1 1 0 0 1 1 1 0 1 0 1 0 1 0
69 0 0 1 0 0 0 0 1 0 0 1 0 0 0 0 0 0 1 1 1 0 1 1 1 1 1 1 0 1 1 0 1 0 0 0 0 1 0 0 0 0 1 1 1 0 0 1 1 1 1 0 0 1 0 0 0 1 1 0 1 1 0 1 0 1 1 0 0 0
87 1 0 1 0 0 0 1 0 1 0 1 0 1 1 0 0 1 1 0 1 1 0 1 0 1 1 0 0 0 0 0 0 0 0 1 0 1 1 0 0 0 1 1 0 0 1 1 0 1 0 0 0 1 1 1 1 0 1 1 0 1 1 1 0 0 1 1 1 0 1 1 0 0 0 1 1 0 0 0 0 0 1 1 1 1 1 0
87 1 1 1 1 0 1 1 0 0 0 1 0 1 0 1 0 1 1 0 1 0 1 1 1 1 1 0 0 1 1 0 0 1 0 0 1 0 0 1 1 0 1 1 1 1 1 1 1 0 0 0 1 0 1 0 0 1 0 1 0 1 1 1 0 0 0 1 1 0 0 1 1 1 1 1 1 0 0 1 0 1 0 0 1 1 1 0
74 1 0 0 1 0 0 1 0 0 0 1 1 1 0 1 0 0 1 0 0 1 1 1 1 1 0 1 1 0 1 0 0 0 0 0 0 0 0 0 0 1 1 0 1 0 1 0 0 1 0 0 1 1 0 1 1 0 1 0 1 1 1 0 1 1 1 1 0 0 1 0 0 0 1
96 0 0 1 1 1 0 0 1 0 1 1 1 1 1 0 0 0 0 1 1 1 0 0 0 0 1 1 1 0 0 1 0 0 1 0 0 0 1 1 1 1 1 0 1 1 0 1 0 1 0 1 1 0 1 0 0 1 0 0 0 0 1 1 0 0 0 1 1 1 1 1 0 0 1 0 0 1 1 1 1 1 1 0 1 1 1 0 0 0 1 1 1 1 0 0 1
92 0 0 1 1 1 0 0 1 1 1 1 1 0 1 1 1 0 1 0 1 0 1 1 0 1 1 1 1 1 1 0 1 1 0 1 1 0 0 0 0 0 1 1 0 1 1 0 1 0 1 0 0 0 1 0 0 1 1 0 0 0 1 0 1 1 1 0 0 0 1 1 1 1 0 1 1 1 1 0 1 0 1 0 1 0 1 1 1 0 0 0 1
83 1 0 0 0 0 0 0 1 0 1 1 1 0 1 1 0 0 0 0 1 1 1 1 1 1 0 1 1 0 1 1 0 1 1 1 0 1 0 0 1 0 1 0 1 1 0 0 1 1 0 1 1 0 1 1 1 0 0 1 0 0 0 1 0 1 1 1 0 0 0 0 1 1 1 1 0 0 1 0 1 0 0 1
99 0 1 0 0 1 0 1 1 0 0 1 1 0 0 0 1 1 0 0 1 0 1 1 0 1 0 1 1 0 0 0 1 0 1 0 1 1 1 1 1 0 0 0 0 0 0 0 0 1 1 0 0 1 0 1 0 1 0 0 0 0 1 0 0 1 0 1 0 0 0 0 1 0 1 1 0 1 0 0 1 0 1 1 0 0 0 0 1 0 0 1 1 1 1 0 1 1 1 1
83 1 1 0 1 0 0 0 1 0 1 0 0 0 0 0 1 1 1 0 0 1 0 0 0 1 1 0 0 1 0 1 1 1 1 1 0 1 1 1 1 0 1 0 1 1 1 0 1 1 0 0 1 1 1 1 0 0 1 1 0 0 0 1 0 0 1 1 1 0 1 1 1 1 1 1 0 0 1 1 1 0 0 1
91 0 1 1 1 1 1 0 0 1 1 1 1 1 1 1 1 0 1 0 1 1 1 0 1 1 0 0 1 0 0 0 1 1 0 1 1 1 0 0 1 0 1 1 1 0 1 0 1 1 1 1 1 1 1 0 1 1 0 0 1 1 1 0 0 0 1 1 1 1 1 1 0 0 0 1 1 0 0 1 1 0 0 1 0 1 1 1 0 0 0 1
69 1 0 1 1 0 0 1 0 0 1 0 0 1 0 1 0 0 0 0 0 0 0 1 1 0 0 0 1 0 1 0 0 1 1 0 0 1 0 0 0 1 1 0 1 0 0 1 1 1 0 1 1 1 1 0 1 1 1 1 1 1 1 0 1 1 0 0 0 0
69 0 0 0 0 0 1 1 1 0 1 1 1 1 0 1 0 0 0 0 0 0 1 0 1 1 1 0 1 0 1 0 1 1 0 1 1 0 1 0 0 1 0 1 0 1 0 0 0 0 0 0 1 1 1 1 0 1 0 1 1 0 1 1 1 0 0 1 1 1
86 1 1 1 1 0 1 0 0 1 0 1 1 0 0 1 0 1 0 0 1 1 0 0 1 0 0 0 1 0 1 1 1 1 0 0 1 0 1 1 1 0 1 0 1 0 1 1 0 0 0 0 1 1 1 0 0 0 0 0 0 1 1 0 0 1 1 1 0 0 1 0 0 1 1 0 0 1 0 0 0 0 1 1 0 1 0
86 1 1 1 0 0 1 0 1 0 0 1 1 0 0 0 1 0 1 1 0 0 1 0 0 0 1 0 1 0 0 1 0 1 0 0 1 0 1 1 0 0 0 1 0 0 1 0 1 1 1 1 0 0 1 0 0 1 0 1 1 1 1 1 0 0 1 1 1 0 0 1 0 0 1 0 0 0 0 0 0 0 0 0 0 0 0
82 1 0 0 1 1 0 0 1 0 1 0 0 1 1 0 0 1 1 1 0 0 0 1 1 1 0 1 0 1 0 1 0 0 1 0 0 0 1 0 1 0 0 1 0 0 0 1 0 0 0 1 1 0 1 0 0 0 0 0 1 1 1 0 1 1 1 0 0 1 0 1 1 0 1 1 0 0 1 1 0 1 0
100 1 0 1 1 0 1 1 1 0 0 1 0 0 0 1 0 1 1 1 1 1 0 1 0 0 1 1 0 0 1 1 1 0 0 1 1 0 1 1 0 1 0 0 1 1 1 1 0 0 0 1 1 1 0 1 1 0 0 0 1 1 0 1 0 0 1 0 0 1 0 0 0 1 0 0 1 1 1 0 1 0 0 0 1 1 0 0 0 0 1 0 0 1 0 0 0 1 0 0 0
84 0 1 0 0 0 1 1 0 1 1 0 0 0 1 0 1 1 0 1 0 0 1 1 1 1 1 0 1 1 0 0 1 1 1 0 1 1 1 1 0 1 1 1 1 0 1 0 1 1 0 0 0 0 1 1 1 0 1 1 1 0 0 0 1 0 1 1 1 0 1 0 1 0 1 1 0 1 1 0 1 0 1 1 0
100 0 0 1 1 1 0 0 0 0 1 1 1 0 1 0 0 1 1 1 0 0 0 1 1 1 1 1 1 0 1 0 1 1 1 1 1 1 0 1 1 0 1 0 0 1 1 1 0 0 0 1 1 0 0 1 1 0 1 1 0 0 0 1 1 0 1 0 1 1 0 0 1 0 1 0 0 1 0 0 0 1 0 1 0 1 0 1 1 1 1 0 0 1 1 1 0 1 0 0 1
57 0 1 1 0 0 1 1 1 1 0 0 1 1 0 0 0 1 0 1 1 1 0 0 1 1 1 1 0 0 0 1 0 0 0 1 0 0 1 0 0 1 1 1 1 0 0 1 1 1 1 1 0 0 0 1 0 0
58 1 0 1 0 1 0 0 1 1 1 1 1 1 0 1 0 1 0 0 1 1 0 0 0 1 1 0 0 1 0 1 1 1 0 1 0 1 1 1 0 0 0 0 0 1 0 0 1 0 0 0 1 1 0 1 0 1 0
64 0 1 0 1 0 1 1 1 1 1 0 1 0 0 0 0 0 1 1 1 1 0 1 0 1 1 0 0 1 1 0 1 1 0 1 0 0 1 0 0 0 0 0 1 0 0 0 0 1 0 0 1 0 1 0 1 0 0 0 1 1 1 1 1
82 0 0 1 0 1 1 1 1 1 1 1 1 0 1 0 1 1 1 0 1 1 0 0 1 0 0 0 0 0 1 0 0 1 0 0 1 0 1 1 1 0 0 1 0 1 0 0 0 1 0 1 0 0 1 1 1 1 1 0 1 0 0 0 1 0 1 1 0 0 1 0 0 1 0 1 0 0 1 0 0 0 1
91 1 0 0 1 0 0 0 1 1 1 0 0 1 0 0 1 0 1 0 1 1 0 1 0 1 0 1 0 1 1 0 0 1 0 1 0 0 0 1 0 0 1 0 0 1 1 0 0 0 1 0 0 1 0 0 1 0 0 0 0 1 0 1 0 1 1 1 0 1 1 0 1 0 1 1 0 1 1 0 0 1 0 1 1 1 0 0 1 0 1 0
73 0 0 1 0 0 0 1 0 0 0 0 1 0 0 0 1 1 0 1 1 0 0 0 1 0 1 0 0 0 0 1 1 0 0 1 0 0 0 1 1 0 0 1 0 0 1 0 1 1 0 1 0 0 1 0 1 0 1 1 0 1 1 1 1 0 0 0 1 0 0 0 1 1
82 0 0 1 1 0 1 0 1 1 1 1 1 1 0 1 0 1 1 0 0 1 1 1 0 0 0 1 1 0 1 1 1 0 1 1 0 1 1 1 1 0 0 1 0 0 1 1 1 1 0 1 0 1 0 0 1 0 1 1 1 1 1 1 0 0 0 1 1 1 0 1 1 0 1 0 1 1 1 1 0 1 0
67 1 1 0 0 1 0 1 1 0 0 1 0 1 0 1 0 1 1 0 0 0 0 0 1 1 1 0 1 0 1 1 1 0 1 0 1 0 1 0 0 0 1 1 1 1 1 1 1 0 1 1 0 1 1 1 0 1 0 1 0 1 1 1 1 1 1 0
91 1 0 0 0 1 0 1 1 0 1 0 1 1 0 1 0 0 0 1 0 0 0 1 1 1 1 0 0 1 1 1 1 1 0 0 1 1 0 0 1 1 1 1 0 0 1 1 0 1 1 1 0 1 0 1 0 1 1 1 1 1 0 1 0 1 1 1 1 1 0 0 0 1 0 1 0 0 1 1 0 0 1 0 0 0 0 1 1 1 0 0
69 0 0 1 0 1 0 1 0 0 0 1 0 0 0 0 1 1 0 1 0 0 0 1 0 0 1 0 1 1 0 1 1 1 0 1 1 1 1 1 1 1 0 1 0 1 1 1 1 1 0 1 0 0 1 0 0 0 1 0 1 0 0 1 1 0 1 0 0 1
79 0 0 0 0 1 1 1 1 0 0 0 0 0 1 0 0 1 1 0 1 1 1 1 1 0 0 0 1 0 0 1 0 0 1 1 0 1 1 1 1 0 0 0 0 1 0 0 0 1 1 1 1 1 1 0 1 1 0 1 1 0 1 1 0 0 1 1 0 1 1 0 0 1 0 1 0 1 1 1
55 0 1 0 1 0 1 0 0 0 0 0 1 1 1 0 0 0 0 1 0 1 1 0 1 1 0 1 1 1 0 0 1 0 0 0 1 1 1 1 1 0 1 0 1 1 1 0 0 1 0 0 1 1 1 1
54 0 1 1 1 1 1 0 1 0 0 1 1 0 1 1 1 0 1 1 1 0 0 1 0 1 0 0 1 1 1 0 1 0 0 1 1 1 1 1 0 0 0 0 0 1 1 0 1 1 1 1 1 1 1
79 0 0 0 0 0 1 0 0 1 1 0 0 0 1 1 0 1 0 0 1 1 0 1 0 0 1 0 1 1 0 0 0 1 0 0 1 1 1 0 1 0 0 0 0 1 0 0 1 1 1 0 0 0 1 0 1 0 1 0 1 0 1 1 0 1 1 0 0 0 0 1 1 0 0 1 1 0 0 1
68 1 1 1 0 0 0 0 1 1 0 0 0 0 0 0 1 0 0 1 0 0 0 1 0 0 0 0 1 0 0 0 0 0 0 1 0 0 0 1 0 0 1 1 0 0 1 0 1 1 0 0 0 1 1 1 0 1 0 0 1 1 1 0 1 0 1 0 1
59 0 1 0 0 0 0 1 1 0 1 0 1 0 0 1 0 1 0 0 0 1 1 0 1 1 1 0 1 1 0 0 0 1 0 1 0 1 0 1 0 1 0 0 1 0 0 1 1 0 1 0 1 1 1 0 1 0 1 1
80 1 1 0 1 1 0 1 1 0 0 0 0 1 1 0 0 0 1 0 0 1 0 1 0 1 1 1 1 1 1 0 0 0 1 0 1 0 0 0 1 1 0 0 1 1 1 0 1 0 0 0 0 1 1 0 0 0 1 1 1 0 1 1 1 1 0 1 0 1 1 0 0 0 0 0 0 1 0 0 0
87 1 0 1 1 0 1 0 0 0 0 0 0 1 0 1 0 0 1 0 1 1 1 1 1 1 0 1 0 1 0 1 0 0 1 0 0 0 1 0 1 1 1 0 1 1 1 0 0 1 1 1 0 1 0 0 1 1 1 0 1 0 1 1 1 0 1 0 1 0 1 0 0 1 1 0 1 1 1 0 1 1 0 1 1 0 0 1
55 1 0 0 1 0 0 0 1 0 1 1 1 1 1 1 1 0 0 1 0 1 0 0 1 0 0 0 0 0 0 1 1 0 1 1 1 0 1 0 0 0 0 1 1 0 1 1 1 0 1 0 0 1 1 0
72 1 0 1 1 1 0 1 1 1 1 0 1 1 0 0 1 1 0 1 0 0 0 0 1 0 0 0 1 1 0 1 1 1 1 1 1 0 1 1 0 1 1 1 1 0 1 1 0 1 0 0 1 1 1 1 1 1 1 0 1 0 1 1 1 0 1 0 0 0 0 1 1
60 1 1 1 0 1 1 0 1 1 1 0 1 0 0 0 0 0 1 0 1 1 0 1 1 1 1 0 0 1 0 1 1 0 0 1 1 0 0 0 1 0 1 0 0 0 0 0 0 1 0 1 0 1 1 1 0 0 1 0 1
76 1 0 1 0 0 1 1 0 0 1 1 0 1 1 0 1 0 1 0 1 1 1 1 0 1 0 1 0 1 1 1 0 0 1 1 1 1 0 0 1 0 0 1 0 1 1 1 1 0 0 0 1 0 1 0 0 0 1 0 0 0 0 0 0 0 1 1 1 1 0 1 0 1 1 1 1
60 0 0 0 1 1 1 1 1 1 1 0 0 0 1 1 1 1 1 0 1 0 0 0 1 1 0 1 1 1 0 1 0 0 0 0 0 1 0 1 0 0 0 1 0 1 0 1 0 0 0 0 0 0 0 1 0 0 1 1 0
61 0 0 0 0 0 1 1 0 0 1 1 1 0 1 1 0 0 0 1 0 1 1 0 1 1 1 1 1 0 0 0 0 0 0 1 1 0 1 0 0 1 1 1 0 1 1 0 1 0 1 0 1 1 0 0 0 0 0 0 0 0
79 0 0 0 1 0 0 0 0 1 1 1 1 0 1 1 0 1 0 1 0 0 1 1 1 1 0 0 0 1 0 1 1 0 1 1 1 1 0 0 0 1 1 0 1 1 1 1 0 1 1 1 0 1 0 1 1 1 0 0 1 1 0 1 1 0 1 1 1 0 1 1 1 1 1 0 1 0 0 0
65 1 1 1 0 0 0 1 1 1 0 1 0 1 1 0 0 0 1 1 1 0 1 1 1 1 1 0 1 1 0 0 1 0 0 1 1 1 1 1 1 0 1 0 1 0 1 0 1 0 1 1 1 0 0 1 1 1 1 0 1 1 1 0 1 0
87 1 0 1 1 0 0 0 1 1 0 0 0 0 0 1 1 0 1 0 1 1 0 1 1 0 1 0 1 0 0 1 1 0 1 0 0 1 0 1 0 1 0 1 1 0 1 0 0 1 0 1 0 1 0 0 0 1 1 1 1 1 1 0 0 0 1 0 1 1 0 1 1 0 0 0 0 0 0 0 1 0 1 0 0 1 1 0
51 0 0 1 0 1 1 1 1 1 1 1 0 0 1 0 0 0 1 0 1 0 1 1 0 0 0 0 0 1 0 0 0 0 0 0 0 1 1 0 0 0 1 0 1 1 0 0 0 1 0 0
84 1 0 0 0 1 0 1 1 1 1 0 0 0 0 1 1 1 1 0 1 0 1 1 1 0 0 1 1 0 0 0 1 0 0 0 1 1 0 0 1 1 0 1 0 0 0 1 1 1 1 1 0 1 0 1 1 1 1 0 0 1 1 1 1 1 0 1 0 1 1 0 0 1 1 1 0 1 0 0 1 1 0 0 1
62 0 1 1 0 0 0 0 0 1 0 0 0 1 1 1 0 1 1 0 0 1 0 0 1 0 1 0 1 0 1 1 1 1 0 1 0 1 0 0 1 0 0 1 0 0 1 1 1 1 1 0 1 1 1 1 1 1 0 0 1 0 1
76 0 1 0 0 0 0 1 0 1 0 1 0 0 1 1 0 1 1 1 1 0 0 1 0 1 1 1 1 1 0 1 0 1 0 0 0 1 0 0 0 0 1 1 0 0 1 0 0 0 0 0 1 1 1 0 1 0 1 0 1 0 0 0 1 0 0 0 0 1 1 1 0 0 1 0 1
88 1 1 0 0 0 0 0 1 0 1 1 0 0 1 1 0 0 0 0 0 1 0 1 1 1 1 0 1 0 0 0 1 0 1 1 0 0 1 1 0 1 1 1 0 0 1 0 0 1 1 1 1 0 1 0 1 1 0 0 1 1 0 1 0 0 1 0 1 0 1 1 0 1 1 0 1 0 1 0 1 0 1 1 0 1 0 1 1
74 0 0 0 0 1 0 1 1 1 1 1 1 1 0 0 0 0 0 1 1 0 0 1 1 0 1 0 1 1 1 1 0 0 1 0 0 1 1 0 1 1 1 0 1 1 0 1 0 1 0 1 0 1 1 1 1 1 0 1 1 1 1 0 0 1 0 1 1 1 1 1 1 1 1
88 1 1 1 0 0 1 0 1 1 1 1 0 1 1 0 0 0 1 1 1 0 0 0 0 0 1 0 0 1 0 1 0 0 1 1 1 1 1 1 0 1 0 0 1 1 1 0 0 1 0 0 0 0 0 0 1 0 0 0 0 0 0 0 1 1 0 0 1 0 1 1 0 1 1 0 0 0 0 1 1 1 1 1 1 1 1 1 0
93 1 1 0 0 1 1 0 1 0 1 0 1 0 0 0 0 0 0 0 0 0 0 1 1 1 0 0 0 0 1 0 0 1 0 0 1 1 0 0 0 1 1 0 0 1 0 0 1 0 0 1 0 1 0 0 0 0 0 0 0 1 0 0 1 1 0 1 0 1 0 0 0 0 0 0 0 1 0 0 1 1 1 0 1 0 0 1 0 0 1 0 0 0
71 0 1 1 1 0 1 0 1 1 1 1 0 0 0 0 0 0 0 1 1 1 1 0 0 0 1 0 1 1 0 0 1 1 0 0 0 1 1 1 1 1 1 1 0 1 1 0 1 1 0 0 1 1 1 0 1 0 1 1 0 1 0 0 1 0 0 1 0 0 0 0
100 0 0 0 0 0 0 0 1 1 0 1 1 0 0 1 0 0 0 0 0 1 0 0 0 1 0 0 1 0 1 1 1 1 1 1 0 1 1 0 0 0 1 0 0 1 0 0 0 1 0 1 1 0 0 1 1 0 1 1 1 1 0 1 1 1 1 0 1 1 0 1 0 0 1 0 0 1 0 0 0 1 0 0 0 0 0 1 0 1 1 0 0 0 0 1 1 0 0 0 1
59 1 1 0 0 1 1 1 0 0 0 1 0 1 1 0 0 0 1 1 1 0 0 0 1 0 0 1 0 1 1 1 0 0 0 0 1 0 1 1 1 1 1 1 0 0 0 0 1 1 0 1 0 1 1 1 0 1 0 1
71 0 1 1 0 1 1 1 1 0 1 1 1 1 0 1 1 0 0 0 0 0 1 0 0 0 1 0 0 1 1 1 1 1 1 0 0 1 1 1 0 1 1 0 0 1 0 1 1 1 0 0 1 1 0 0 1 1 0 0 1 0 1 0 0 1 0 1 1 1 1 1
