100
63 1 1 1 0 0 1 0 1 0 0 0 0 1 1 1 0 1 0 1 0 1 1 0 0 0 1 1 0 0 1 0 1 0 0 1 0 1 1 0 0 1 1 1 0 1 0 0 0 0 0 0 1 0 0 1 0 1 0 1 1 0 0 1
70 0 0 1 1 0 1 0 1 0 0 0 1 0 0 0 0 0 1 0 1 0 1 1 0 0 0 1 0 1 1 1 0 0 1 0 0 1 0 0 0 1 0 0 1 1 1 0 1 1 1 1 1 0 1 1 0 1 1 0 0 0 1 0 1 0 1 0 0 1 1
90 0 0 1 0 1 0 0 0 0 0 0 1 0 1 1 0 1 1 0 1 1 1 1 0 0 1 1 1 0 0 1 1 0 1 1 1 1 1 1 0 0 1 0 0 0 0 1 1 1 0 1 1 0 1 1 0 0 1 1 0 0 1 0 0 0 1 1 0 1 0 0 0 1 0 1 1 1 0 0 1 1 1 0 1 0 0 0 1 0 1
58 1 0 0 1 0 0 1 1 0 0 0 1 0 1 1 0 1 0 0 0 1 0 1 0 1 0 0 0 1 1 0 1 1 1 1 0 1 1 0 0 0 0 1 1 0 1 1 0 1 1 1 1 0 1 1 0 0 0
97 0 0 1 1 1 0 1 0 1 1 1 0 1 0 0 1 1 0 0 0 0 1 0 0 0 0 1 0 0 1 0 0 1 0 0 1 1 0 1 0 1 1 0 0 1 0 0 1 0 0 1 1 0 0 1 0 1 0 0 0 0 0 0 0 0 0 0 0 1 1 0 0 1 0 1 0 1 0 0 0 0 0 0 0 0 0 1 1 0 0 0 1 1 1 1 0 1
75 0 1 0 0 0 0 0 1 0 1 0 0 0 1 0 0 0 0 1 0 0 0 0 1 0 0 1 1 1 0 0 1 0 1 1 1 0 0 0 1 0 0 0 0 1 1 1 1 1 0 0 0 0 1 0 0 1 0 1 1 0 1 0 1 1 0 1 1 0 0 0 1 0 1 1
68 1 0 1 0 1 0 0 1 1 0 0 1 0 0 0 1 0 0 0 0 1 0 0 0 0 0 0 0 1 1 0 1 0 0 0 0 1 1 0 0 0 1 0 1 1 1 0 1 1 1 0 1 1 0 0 1 1 0 1 1 0 0 1 0 1 0 1 0
92 0 0 1 1 0 0 1 1 0 1 0 1 1 0 0 1 1 1 0 1 0 1 0 0 0 1 0 0 1 0 1 0 0 0 1 0 1 1 1 1 1 0 0 1 1 1 1 0 0 0 1 0 0 1 1 1 0 1 1 1 1 0 0 1 0 1 1 0 1 0 1 0 1 0 0 0 0 0 1 0 0 1 0 1 0 1 1 0 0 0 0 1
94 0 1 1 0 0 1 0 1 0 1 1 0 1 1 1 1 1 0 1 0 0 1 1 1 0 1 1 1 1 1 1 1 0 0 0 0 0 0 1 0 0 0 0 0 1 1 0 1 0 0 1 0 0 1 1 1 1 1 1 1 0 0 0 1 0 1 0 1 1 0 0 1 0 1 1 0 0 0 0 0 0 0 1 1 1 0 0 1 0 1 1 1 1 1
99 0 1 0 0 1 0 0 0 1 1 1 1 1 1 1 0 0 1 1 0 1 1 0 0 1 0 1 1 0 0 0 0 0 0 1 1 0 1 1 0 1 0 1 0 1 0 0 1 1 1 1 1 0 0 0 1 1 0 0 1 0 0 1 1 0 1 0 0 0 0 0 1 1 0 0 0 0 1 1 0 1 0 0 0 1 0 1 1 1 1 1 1 1 0 1 0 0 1 1
81 0 0 0 1 0 1 1 1 1 1 1 0 1 0 0 0 1 1 1 0 0 0 1 0 0 1 0 0 0 0 1 0 0 0 1 0 1 0 1 1 0 0 0 1 0 0 0 0 0 0 0 1 0 1 1 1 0 1 0 1 1 1 1 0 1 1 1 0 1 0 0 1 0 1 0 1 1 1 1 1 0
89 1 0 0 1 0 0 1 0 0 0 1 1 0 0 1 0 0 1 0 1 1 0 0 0 1 0 1 1 0 0 0 1 0 1 1 0 1 0 1 0 0 1 1 0 1 0 0 1 0 1 1 0 0 0 0 0 1 1 0 0 0 0 1 0 1 0 1 1 0 1 0 1 1 0 1 1 1 0 0 0 0 0 1 1 0 0 1 0 0
55 0 0 0 0 0 0 1 0 1 1 1 0 1 1 0 0 0 0 1 0 1 1 0 0 1 1 0 1 1 0 0 0 1 0 1 1 0 1 1 1 1 1 0 1 1 0 1 0 1 1 0 1 1 1 0
98 1 1 1 1 1 0 1 1 0 1 1 0 0 0 0 1 1 0 1 0 1 1 1 1 0 1 0 1 1 0 0 0 0 0 1 0 0 1 1 1 1 1 1 1 0 1 0 1 0 1 1 0 0 0 1 1 0 0 0 0 0 1 1 0 0 1 1 0 0 0 1 0 0 1 0 1 1 1 0 1 0 1 0 0 0 0 1 0 1 0 0 0 1 1 1 0 1 1
70 0 1 1 0 1 1 0 0 0 1 0 0 0 1 0 0 0 0 1 0 1 0 1 0 0 1 0 0 1 1 1 0 0 0 1 0 0 1 1 1 1 0 0 1 1 1 0 0 0 1 0 0 0 0 0 0 1 1 1 0 0 0 1 1 0 0 0 0 0 1
67 0 1 0 0 1 0 0 0 0 0 1 1 0 1 1 1 0 0 1 1 1 1 1 0 0 1 0 1 0 1 0 1 0 1 0 0 0 1 1 1 0 1 1 0 1 1 0 1 0 1 1 1 1 0 1 0 0 0 1 0 0 1 0 1 1 0 1
60 0 0 1 0 1 1 1 1 1 0 1 0 1 0 0 1 0 1 1 1 0 0 0 1 1 0 0 0 1 0 0 1 1 0 1 1 1 0 1 1 1 0 0 1 1 1 0 1 1 0 0 1 0 0 1 0 1 0 0 1
73 1 1 1 0 1 0 0 1 1 0 0 1 1 0 1 1 1 0 1 1 0 1 0 0 0 1 1 1 1 1 1 0 0 0 0 0 0 1 1 1 1 1 1 0 0 0 1 1 0 0 1 0 0 0 1 1 1 0 1 1 1 0 1 1 0 1 1 0 1 1 1 1 0
80 1 1 0 0 1 0 1 0 1 0 1 1 0 1 1 0 1 1 0 1 1 0 1 1 1 1 1 0 0 0 0 0 1 1 1 0 0 1 1 0 1 1 0 0 1 0 0 0 0 1 1 0 0 1 1 0 1 1 1 0 1 1 1 0 1 0 1 0 1 0 0 1 1 1 0 0 0 0 1 0
88 0 0 1 1 0 1 1 0 1 0 0 0 0 1 1 0 0 1 0 1 1 0 1 0 1 1 0 1 1 0 1 1 0 1 1 0 0 0 0 1 1 0 0 1 1 0 0 1 0 1 1 1 0 0 1 1 1 0 0 0 0 1 0 1 0 1 0 1 0 1 0 1 0 0 1 1 0 1 1 0 1 0 0 1 0 0 0 0
94 1 0 0 1 0 0 0 1 0 0 0 1 0 0 0 1 0 0 0 0 1 1 1 1 1 1 1 1 1 1 1 1 1 0 1 1 1 1 1 0 1 1 1 0 0 1 0 0 1 1 0 1 1 0 0 1 0 0 1 1 1 1 0 0 0 1 0 0 1 0 0 1 0 1 1 0 0 1 0 1 1 1 0 1 1 1 1 0 0 0 1 1 0 0
52 0 1 1 1 1 0 1 1 0 1 1 0 0 1 0 1 0 1 0 0 0 1 0 0 0 1 0 1 0 0 0 1 0 1 0 1 1 1 1 0 0 0 1 0 0 1 1 1 1 1 1 1
63 1 1 1 1 0 1 1 1 1 0 1 0 1 1 1 0 1 0 1 0 1 1 0 0 1 0 0 0 0 1 0 0 0 0 0 0 0 0 0 0 0 0 1 0 1 0 0 1 0 1 1 1 1 1 0 1 1 0 0 1 0 0 0
78 1 1 0 0 1 1 1 0 0 0 1 1 1 0 1 0 1 0 1 1 0 1 0 1 0 1 0 0 0 1 0 1 1 0 0 0 0 1 1 0 0 0 0 0 1 0 1 0 0 0 1 1 1 0 1 0 0 0 0 0 1 1 1 1 0 0 1 0 1 1 0 1 0 1 0 0 0 1
89 0 1 0 1 0 0 1 1 0 1 0 1 1 1 0 1 0 1 0 1 1 1 1 0 0 0 1 0 1 0 1 1 1 0 1 0 0 0 0 1 1 0 0 1 1 1 1 0 1 1 1 1 0 0 1 0 1 0 1 1 1 0 0 1 1 0 0 0 1 1 1 0 0 0 0 1 0 1 0 1 1 1 1 1 1 0 0 0 0
91 0 0 1 1 1 1 0 1 0 1 1 1 1 0 0 1 0 1 0 1 0 1 0 1 0 1 1 0 0 0 1 1 0 0 1 0 1 0 0 1 1 0 1 0 1 0 1 1 0 0 0 0 1 1 1 1 0 1 1 1 1 1 0 0 0 1 1 1 0 0 1 1 1 1 0 0 1 1 0 1 1 0 0 0 1 1 1 0 0 0 0
51 0 1 1 1 0 0 1 0 0 1 1 1 1 1 0 0 0 0 1 0 1 1 1 0 0 0 0 1 0 1 0 0 1 1 0 1 0 0 0 1 0 0 1 0 0 1 1 1 0 0 1
84 0 1 0 1 1 1 1 1 0 0 1 1 0 1 0 1 1 0 1 0 1 1 1 0 0 0 1 1 1 1 0 1 1 1 0 1 1 1 0 0 1 0 0 1 0 1 0 1 0 0 0 0 0 1 0 1 1 0 0 0 0 0 1 0 0 0 0 1 1 1 1 0 0 0 1 1 1 0 0 0 0 0 1 1
89 1 1 1 0 0 0 1 0 0 0 0 0 0 0 1 1 1 1 1 1 0 1 1 1 0 1 0 1 0 1 1 0 0 1 1 1 1 1 0 0 0 0 0 0 1 1 0 1 1 1 1 0 0 0 1 0 1 0 0 0 0 1 0 1 0 0 0 1 1 0 1 0 0 0 1 1 1 1 1 0 1 1 0 1 1 0 0 1 1
67 0 0 0 1 0 0 1 1 0 1 1 0 1 1 1 0 1 1 0 1 1 0 1 0 0 0 0 0 1 0 1 0 1 0 1 0 0 0 1 1 0 0 1 0 0 0 1 0 1 1 0 0 0 0 1 1 0 1 0 0 0 0 0 0 0 0 1
54 0 0 1 0 0 0 0 0 1 0 0 0 1 0 1 1 0 0 1 1 1 1 1 1 0 1 0 0 0 0 1 1 0 1 1 1 0 0 1 1 1 0 0 0 0 0 0 1 0 0 0 0 1 0
73 0 1 0 0 0 0 1 1 1 1 0 1 1 0 0 1 1 1 0 0 0 1 0 0 0 0 0 0 1 1 0 0 0 0 1 1 1 0 0 0 0 0 0 1 1 0 1 1 1 1 0 1 1 1 1 1 0 0 1 0 1 0 0 1 1 0 1 0 0 1 1 0 1
53 1 1 1 0 1 0 0 0 0 1 1 1 1 1 1 1 0 1 0 0 1 1 0 0 0 1 0 1 0 1 0 1 1 1 1 0 1 0 1 0 1 0 0 0 0 0 1 1 0 1 0 0 0
100 1 0 1 1 1 1 1 1 1 0 0 0 0 0 0 1 0 1 1 0 1 0 0 0 1 1 0 0 1 0 0 1 0 1 0 0 0 1 1 0 1 1 0 1 1 1 0 1 1 0 1 0 1 1 1 0 0 1 0 1 0 1 0 0 0 1 0 1 0 1 0 1 0 1 0 0 0 0 1 0 1 0 0 1 1 0 1 1 1 0 0 0 0 0 1 1 0 0 0 1
68 0 0 0 0 0 0 0 1 0 1 0 0 1 0 1 0 0 0 1 0 1 0 0 1 0 0 0 1 0 1 1 0 0 0 1 0 0 1 1 0 0 0 1 1 1 1 0 1 0 1 1 1 1 1 1 1 0 0 0 1 0 1 0 0 0 1 0 1
91 0 0 1 1 1 1 0 1 0 1 1 0 1 0 1 0 1 0 1 1 0 1 1 1 1 1 1 1 0 1 0 1 1 1 1 0 0 0 1 0 0 1 0 0 1 0 0 0 0 1 1 1 0 1 1 0 0 0 0 1 0 1 0 1 0 1 0 1 0 0 0 1 1 1 1 1 0 0 1 0 0 0 0 0 0 0 1 0 1 0 0
72 0 1 1 0 1 1 0 0 1 0 0 1 0 0 1 1 0 0 0 1 1 1 1 0 0 0 1 1 1 1 0 0 1 0 1 0 1 0 0 1 0 0 1 0 0 1 0 1 1 1 0 1 0 1 1 1 0 0 0 1 1 0 1 0 1 1 1 0 0 1 1 0
72 0 1 0 0 1 1 1 1 1 0 1 0 1 0 1 0 0 0 0 1 0 1 0 1 1 0 1 1 1 1 0 0 1 0 0 0 0 1 1 1 0 1 0 1 0 1 1 1 1 1 0 1 1 0 1 1 0 1 0 0 0 1 1 1 0 1 0 1 0 1 1 0
74 1 0 0 1 1 1 1 0 1 1 1 0 0 1 1 1 1 1 0 0 0 1 0 0 0 1 0 1 0 0 0 0 0 0 1 1 0 1 0 1 1 1 0 1 0 1 1 0 1 0 1 1 0 0 0 1 1 0 0 0 0 0 1 0 0 1 0 1 0 0 1 0 0 0
62 0 1 1 1 1 0 1 0 1 0 0 1 0 0 1 0 0 1 0 0 1 1 0 0 1 1 0 1 1 1 1 1 1 0 1 1 0 0 0 1 0 0 1 0 0 1 1 0 1 1 1 1 1 1 1 1 1 0 1 0 1 1
97 1 1 1 0 0 0 1 0 0 0 0 1 1 1 1 1 0 0 0 0 0 0 1 1 1 0 0 0 1 0 1 1 0 0 1 0 1 1 1 0 0 0 0 0 0 0 1 0 1 1 1 1 0 1 0 1 0 1 1 0 1 1 1 1 1 0 1 0 0 1 0 0 1 1 1 1 0 0 0 1 1 0 0 1 0 0 0 1 0 1 1 0 1 1 1 1 1
98 1 1 1 0 0 1 1 1 0 1 1 1 0 1 1 1 0 0 1 1 0 0 0 0 0 0 1 0 1 0 1 1 1 0 1 1 1 0 0 0 1 1 1 1 0 1 0 0 1 1 1 1 0 0 0 0 0 1 1 0 0 1 1 1 1 1 1 1 0 1 0 0 0 1 1 1 0 1 1 0 0 1 0 1 1 1 0 1 0 1 1 1 0 1 1 0 1 0
50 1 0 0 0 0 0 0 0 0 0 1 0 1 1 0 1 0 1 0 1 0 1 0 1 0 1 0 0 1 0 0 1 1 0 0 1 0 1 0 1 1 0 1 0 1 0 0 1 0 1
78 1 0 1 1 1 0 0 0 1 1 0 1 0 1 0 0 0 0 0 1 0 1 0 1 1 1 1 1 0 1 1 0 1 0 1 0 0 0 0 1 0 1 0 0 0 0 1 0 1 0 0 1 0 1 0 1 0 1 0 1 0 1 1 0 0 1 1 0 0 0 1 0 1 1 0 0 1 1
70 0 1 0 1 1 1 1 1 0 1 1 1 0 0 0 0 1 0 0 0 1 1 1 0 0 0 0 1 1 0 1 0 1 1 1 0 1 0 0 0 0 1 1 1 0 0 0 1 1 0 1 0 0 1 1 0 1 1 0 1 1 1 0 0 0 1 0 1 1 1
100 1 1 0 0 1 0 0 0 0 0 0 0 1 1 0 0 1 1 0 0 1 1 0 1 0 0 1 0 1 1 1 0 0 1 1 1 0 1 0 1 0 1 1 0 1 0 1 0 1 0 1 1 0 1 0 1 1 0 1 1 1 1 1 1 0 1 0 0 0 0 0 1 1 0 1 1 1 1 1 0 1 1 0 1 0 1 0 1 0 0 1 1 0 0 1 1 0 1 0 0
64 1 1 1 1 0 0 0 1 0 0 1 1 0 0 1 1 0 1 1 0 0 1 1 0 1 1 1 0 1 0 0 0 0 1 0 0 1 1 1 1 0 0 0 0 0 1 1 0 1 1 1 1 0 1 0 0 0 1 0 0 0 1 1 1
92 0 0 0 0 1 0 1 0 0 1 1 0 1 0 1 0 1 1 1 0 0 1 1 1 0 0 0 1 1 0 0 0 0 1 1 1 0 1 0 0 0 1 1 1 0 0 1 0 0 0 0 0 1 0 1 1 1 0 0 1 0 1 1 0 1 0 1 1 1 0 1 0 0 0 0 0 0 1 1 0 1 1 1 1 1 0 1 1 1 1 0 0
95 1 1 0 0 0 0 1 0 1 1 0 0 1 0 1 1 1 0 0 1 1 0 1 1 1 1 0 1 0 1 0 1 1 0 0 0 0 1 0 1 1 0 0 0 0 0 0 1 0 0 1 0 0 0 1 1 1 0 1 1 0 0 0 1 1 0 0 0 1 1 1 1 0 1 1 0 0 0 1 1 0 1 0 1 1 1 0 1 1 0 1 0 1 1 0
74 1 1 1 0 0 1 0 1 1 1 0 0 0 0 1 0 0 0 1 1 1 0 0 1 1 0 0 1 1 1 1 1 0 0 0 1 0 0 0 0 0 1 0 0 0 1 1 1 0 1 1 0 1 1 1 0 0 0 0 0 1 0 0 1 0 1 0 0 0 0 0 1 0 1
61 1 1 1 1 1 0 0 1 1 1 0 1 1 1 0 1 0 1 1 0 1 1 1 1 1 0 0 0 1 0 1 0 1 0 1 0 0 0 1 1 0 1 0 0 1 1 1 0 1 1 1 0 1 0 0 0 1 0 0 1 0
59 0 1 1 1 1 0 0 1 0 0 1 1 0 0 0 1 1 1 0 1 0 0 0 1 0 1 0 0 1 0 1 0 1 1 0 0 1 0 0 1 1 0 1 1 0 1 0 0 1 1 0 1 1 1 1 0 0 1 0
62 1 1 1 1 0 1 0 0 0 1 1 1 0 1 1 0 1 0 0 1 1 0 1 0 0 0 1 0 1 0 1 1 0 1 1 1 1 1 1 1 0 1 0 0 0 1 0 0 0 1 1 1 1 1 0 0 1 0 0 1 0 0
63 1 0 0 1 1 1 0 0 0 0 0 1 1 1 0 1 0 1 1 1 1 1 1 0 0 0 0 1 0 1 1 1 0 0 1 0 1 1 1 1 1 1 1 1 1 0 1 0 0 0 0 1 0 1 0 0 0 0 1 1 0 1 1
56 0 0 1 0 0 0 1 1 1 1 1 0 1 0 0 0 1 0 1 1 0 0 1 0 0 0 0 1 1 0 0 0 1 1 0 0 0 1 1 1 1 1 1 0 0 1 0 0 0 0 1 0 1 0 1 1
62 1 0 1 1 0 1 0 1 0 0 0 0 1 1 1 0 0 1 1 0 1 0 0 0 1 0 1 1 0 1 0 1 1 1 0 0 1 1 0 0 1 1 0 1 0 1 1 0 0 1 1 0 0 1 0 1 1 1 1 1 0 1
74 1 1 0 1 0 0 0 0 1 0 1 0 1 0 0 0 0 0 0 1 1 1 0 1 0 0 0 1 1 1 1 1 1 0 1 0 0 0 0 1 0 0 1 0 1 0 1 1 0 1 1 1 0 1 0 0 0 0 1 0 1 0 0 0 0 0 1 0 0 0 0 0 1 0
51 1 1 0 1 0 1 1 1 1 1 0 0 1 1 1 0 1 0 0 0 1 0 1 1 0 0 0 0 1 0 0 1 1 0 1 1 1 0 0 0 1 0 1 1 1 1 1 0 1 0 1
64 0 1 1 0 1 0 0 0 1 1 1 1 0 1 1 0 0 0 1 1 0 0 1 0 1 1 1 1 0 1 0 0 1 1 0 0 0 1 0 1 0 0 1 1 0 0 0 1 0 1 1 1 0 1 0 1 1 1 0 0 1 1 1 0
97 1 1 1 0 0 0 1 0 0 0 0 1 0 1 0 1 0 0 0 0 1 0 0 0 0 0 1 1 0 1 1 0 0 1 1 1 1 1 0 0 0 1 0 0 0 0 0 0 1 1 1 1 1 0 0 0 0 1 0 0 0 1 1 0 0 0 1 0 1 0 0 1 0 1 0 0 0 0 1 0 1 1 1 1 1 1 0 1 1 0 1 1 1 1 0 0 0
68 0 1 1 1 0 1 0 1 1 1 0 0 1 0 0 1 1 0 1 0 0 1 0 1 0 0 0 0 0 1 1 0 0 1 0 0 0 1 0 1 0 0 1 0 1 0 0 0 0 0 0 0 0 0 0 1 1 1 0 0 1 1 0 1 0 0 1 1
88 1 1 1 0 0 0 0 1 1 0 1 0 0 0 0 1 1 1 1 0 1 0 1 1 0 0 0 1 1 1 1 1 1 1 0 1 0 1 1 1 1 0 1 0 0 1 1 1 1 0 1 0 0 0 1 0 1 1 1 0 1 1 0 1 0 1 0 0 0 1 0 1 1 1 0 1 0 1 1 1 0 0 0 1 1 1 1 1
63 0 1 1 1 0 1 1 1 1 1 1 1 1 1 1 0 0 1 0 1 1 0 1 1 1 1 0 1 0 1 1 0 1 1 1 1 0 0 0 0 0 1 0 1 1 1 0 0 1 1 0 1 0 1 1 1 1 1 1 0 1 1 0
77 0 0 1 0 1 1 0 1 1 0 0 1 1 0 0 1 1 1 0 1 0 0 0 1 1 1 0 1 0 1 0 1 1 1 1 0 1 1 0 1 1 1 1 1 0 0 1 0 0 1 1 0 0 1 0 1 1 1 1 0 1 1 0 0 0 1 0 1 0 1 1 1 1 1 1 1 1
96 0 0 1 0 0 1 1 1 1 1 1 1 0 0 1 1 1 0 0 0 0 1 1 0 1 1 1 1 0 0 0 0 0 1 0 0 1 1 1 0 0 0 0 0 1 0 0 1 1 1 1 0 0 0 1 1 1 0 1 1 1 1 0 0 1 0 0 0 0 0 1 1 0 0 0 0 1 1 0 0 0 1 0 1 1 0 0 1 0 0 1 1 0 0 0 0
60 1 1 0 0 1 0 0 1 1 0 1 0 1 0 1 1 0 1 0 0 0 0 1 0 0 1 1 0 1 1 0 0 0 0 1 1 1 1 0 0 0 1 0 0 1 1 0 0 0 1 1 1 0 0 1 1 0 0 0 0
74 1 1 1 1 1 0 1 1 0 1 1 1 1 1 1 1 1 1 0 0 1 1 1 0 1 0 1 1 1 0 0 1 0 0 0 0 1 0 0 1 1 1 0 0 1 0 1 1 1 0 1 1 0 1 1 0 0 1 1 1 0 1 1 1 0 1 0 0 0 1 1 0 1 1
71 0 0 1 0 1 1 0 0 0 0 0 1 1 1 0 0 1 1 0 0 0 1 1 1 1 0 1 1 1 0 0 0 1 1 1 1 1 1 0 0 1 1 0 1 0 1 1 0 1 0 0 0 0 1 1 1 0 1 1 1 1 1 1 0 0 1 0 0 1 0 1
55 0 0 0 1 1 1 0 1 0 1 1 0 0 1 0 0 0 0 1 1 1 1 0 1 1 0 1 1 1 1 0 0 1 1 1 0 1 1 0 1 1 0 0 0 0 1 1 0 1 0 0 0 1 0 1
97 0 0 0 0 0 0 0 1 1 1 1 0 0 0 0 1 1 1 0 0 1 0 1 0 0 1 0 0 1 1 0 1 1 0 0 1 0 0 0 1 1 1 0 0 1 1 0 0 1 0 0 0 0 0 0 0 0 1 0 0 0 0 1 1 0 1 1 0 1 0 0 0 0 1 1 0 0 0 0 1 1 1 0 1 1 0 1 0 0 1 0 0 0 0 0 1 0
87 1 0 0 1 1 1 1 0 0 0 1 1 1 0 0 1 1 1 1 1 1 1 1 0 1 0 1 0 0 0 1 0 1 0 0 1 1 1 0 1 1 0 0 1 1 0 0 0 1 1 1 0 1 1 1 1 1 0 0 1 1 0 1 1 1 1 1 1 0 1 1 1 0 0 0 0 1 1 0 0 1 0 0 1 0 0 0
64 0 1 1 1 1 0 0 0 1 1 0 0 0 1 0 0 1 1 0 1 0 1 1 1 1 0 0 1 0 0 1 1 0 0 0 1 1 1 0 1 1 1 0 1 1 0 0 1 1 1 1 0 0 0 1 0 0 0 1 1 0 1 1 1
99 1 1 1 1 1 0 0 1 1 1 0 1 1 1 1 1 0 1 0 1 1 0 0 0 1 1 0 0 0 1 1 1 1 0 1 1 1 0 1 0 0 0 1 0 1 1 0 0 0 0 1 1 0 1 1 0 0 1 1 0 0 1 1 1 1 0 0 1 0 0 0 1 0 0 1 1 0 1 0 1 0 1 0 1 1 0 1 1 1 0 0 0 0 0 0 1 0 0 1
87 0 1 0 1 0 1 0 1 1 0 0 0 1 0 0 1 1 1 1 1 1 1 1 1 0 0 0 0 1 1 1 0 0 0 0 1 1 0 0 0 0 1 1 0 0 0 1 1 1 1 1 1 1 1 0 0 1 0 1 0 0 0 0 1 1 1 0 0 0 1 1 0 0 1 0 1 0 1 1 0 1 0 0 0 1 0 0
53 1 1 0 1 0 1 0 1 0 1 0 1 1 0 0 0 0 1 1 0 1 0 1 1 1 1 1 1 0 1 1 1 1 1 0 0 1 0 1 1 0 1 0 1 1 0 1 1 1 0 0 1 1
74 1 0 0 0 0 1 0 1 1 1 1 0 0 0 0 0 1 0 1 0 1 0 1 1 0 1 1 0 1 1 0 1 0 1 0 0 0 0 0 1 0 0 1 0 1 1 1 1 1 0 0 1 0 1 1 0 0 1 1 1 0 1 0 0 0 1 1 1 0 1 0 0 1 1
64 1 0 0 1 0 0 1 0 0 1 0 0 0 1 0 1 1 1 1 1 1 1 1 0 1 0 1 0 0 0 0 0 1 1 0 0 0 1 1 0 0 0 1 1 0 0 1 0 1 1 1 0 0 1 0 1 1 0 0 1 0 1 0 1
88 1 1 1 0 0 1 0 0 1 0 0 1 0 0 1 1 1 1 1 1 1 1 1 1 0 0 0 1 1 0 1 1 0 0 1 1 0 1 0 1 1 1 1 0 1 0 0 1 1 0 1 1 0 1 0 1 1 0 0 0 1 1 0 0 0 0 0 1 1 0 0 0 0 1 1 0 0 0 0 0 0 1 1 1 1 0 1 0
50 0 1 1 1 0 0 0 0 1 0 1 1 1 0 1 0 0 1 1 0 0 0 1 1 1 0 0 0 1 1 1 0 1 1 0 0 0 1 0 1 1 1 1 0 0 1 0 1 1 0
97 1 1 0 0 1 1 0 0 1 0 1 0 0 0 1 1 1 0 1 1 0 0 1 1 0 0 1 0 1 0 0 0 1 0 0 1 1 1 0 1 1 1 0 0 1 0 1 1 1 1 1 1 0 1 1 1 1 1 1 0 1 1 0 1 0 1 1 0 0 1 1 0 0 0 0 0 0 0 1 1 1 0 1 1 1 1 0 1 1 1 1 1 1 0 1 1 1
78 0 1 0 0 1 1 0 0 1 1 1 0 0 1 0 0 1 1 0 1 1 0 1 0 0 0 1 0 0 1 1 0 1 1 0 0 0 1 1 1 1 1 1 0 1 0 1 0 0 1 1 1 0 0 1 1 0 1 1 0 0 0 0 1 1 0 1 1 0 0 0 0 1 0 0 1 0 1
67 1 0 1 0 0 0 0 0 1 0 1 0 1 1 1 0 1 1 0 0 0 0 1 1 1 0 0 0 1 1 0 1 1 0 0 0 1 0 1 1 1 0 0 1 0 1 0 1 0 0 1 1 0 0 1 1 0 0 1 1 0 1 0 1 0 1 0
51 1 0 0 0 0 1 1 0 0 0 1 0 0 1 0 0 0 1 0 1 0 0 1 1 0 0 1 0 0 0 1 1 1 1 1 1 0 0 0 1 1 1 0 0 1 1 1 1 0 0 1
77 0 1 1 0 0 1 1 1 0 0 0 0 0 1 0 0 1 0 1 1 0 1 0 1 1 0 1 0 0 0 0 1 1 1 0 0 0 0 0 0 0 0 1 0 0 1 0 1 0 1 0 0 0 0 1 1 1 0 0 0 1 1 1 0 0 0 1 0 1 0 1 1 1 0 0 1 1
75 1 0 0 0 1 1 0 1 0 1 1 0 0 1 1 1 1 1 1 1 0 1 0 0 0 1 0 1 1 0 1 1 1 1 0 0 1 0 0 0 1 1 1 0 0 1 0 1 0 0 1 0 0 1 0 1 0 1 0 1 0 1 0 0 0 0 0 1 1 1 1 1 1 0 1
90 1 0 1 0 0 1 1 0 1 0 0 1 0 0 1 1 1 1 0 1 0 1 0 1 1 0 1 1 0 1 1 1 0 0 1 0 0 1 1 1 0 0 1 1 1 0 0 0 1 1 0 1 0 1 1 0 0 1 0 0 0 1 0 1 0 1 0 1 0 0 1 0 0 0 0 0 1 1 1 0 0 0 1 1 1 0 0 1 0 0
98 0 1 0 0 1 1 1 1 0 0 0 1 1 1 0 1 1 0 1 0 1 0 1 0 0 0 0 0 1 0 1 0 0 0 1 1 1 0 0 0 1 0 0 0 0 1 0 1 0 1 1 0 0 0 1 1 1 0 1 1 1 1 1 1 0 1 0 1 0 0 0 0 0 1 0 1 1 1 0 1 1 1 1 0 0 0 1 1 1 1 0 1 1 1 0 0 0 0
79 0 0 1 0 1 0 1 1 1 1 1 1 0 0 0 1 1 1 0 1 0 0 1 1 0 1 0 1 0 1 0 0 1 1 0 1 1 1 0 0 0 0 1 0 0 0 0 0 1 0 1 1 0 1 1 1 0 0 0 1 1 1 0 0 1 1 0 1 0 0 0 1 1 1 0 1 0 1 0
65 0 1 0 1 0 1 0 0 0 0 1 1 1 1 1 1 1 0 0 1 1 1 0 1 1 0 1 1 0 0 0 0 0 1 1 1 1 1 0 0 1 1 1 0 1 1 1 0 0 0 0 1 1 1 0 1 0 1 1 1 1 1 1 0 0
60 0 1 1 0 0 0 1 1 0 0 1 0 1 1 1 1 0 1 0 0 0 0 1 0 0 0 0 0 0 1 1 0 1 1 1 0 0 0 0 1 1 0 1 0 1 1 0 1 1 0 0 1 1 1 1 1 1 0 1 0
55 0 0 0 0 1 0 0 0 0 0 0 1 1 1 0 1 1 1 1 1 1 0 1 0 0 1 0 0 0 1 1 0 1 1 0 0 1 1 0 0 0 1 1 1 0 1 0 0 0 1 0 1 1 0 1
98 1 0 0 1 1 1 0 1 0 1 1 1 0 0 0 0 1 0 1 1 0 0 1 0 0 0 1 1 0 0 1 1 1 0 0 0 0 0 0 1 0 0 0 1 1 0 0 1 1 0 1 0 1 0 0 0 0 0 0 0 0 1 1 0 0 0 1 0 0 1 0 0 0 0 0 1 0 1 1 1 0 1 0 1 1 0 0 0 0 1 1 1 0 0 0 0 1 0
98 0 0 1 0 0 1 1 0 0 1 0 1 1 1 0 1 1 1 1 1 0 0 1 0 0 1 1 1 1 0 0 0 0 1 0 0 1 0 0 1 1 0 1 0 0 1 0 0 1 0 0 0 1 0 0 1 1 1 1 0 1 0 1 0 1 1 1 0 0 1 1 0 0 1 0 0 1 0 1 0 0 1 0 1 1 1 0 0 0 1 0 0 1 1 1 1 0 0
91 1 0 1 0 1 1 1 1 0 1 0 1 0 0 1 0 0 0 0 0 1 0 0 1 0 0 1 0 0 0 1 0 1 0 1 0 0 0 1 0 1 0 0 1 0 1 0 0 1 0 1 1 0 0 1 0 1 1 0 0 1 0 0 1 0 1 0 0 1 0 0 0 0 0 1 0 0 0 0 1 1 1 0 1 0 0 1 1 1 1 1
51 1 0 1 1 0 0 1 0 0 0 0 1 0 1 0 0 1 0 0 1 1 0 0 0 1 1 1 0 0 1 0 0 1 0 1 1 1 1 1 0 0 1 1 0 0 1 0 0 0 0 0
79 0 0 1 1 1 0 1 0 0 1 1 1 1 1 0 0 1 1 0 1 0 1 1 1 0 0 1 0 0 1 1 1 0 0 0 0 0 1 0 0 0 0 1 0 1 1 0 0 1 1 1 0 0 1 1 0 0 0 0 0 1 1 0 1 1 0 1 0 1 1 1 1 1 0 1 0 0 0 0
92 1 0 1 1 1 0 1 1 1 0 0 0 0 0 1 1 1 0 0 1 1 0 0 0 0 1 0 1 1 0 0 0 0 1 1 0 0 1 1 1 0 1 0 0 1 1 0 0 1 0 0 1 1 1 1 0 1 0 1 0 1 0 0 1 0 0 1 1 0 1 0 1 0 0 1 1 0 1 1 1 1 1 1 0 0 0 0 1 0 1 0 0
99 0 1 0 0 0 0 0 0 0 0 0 0 1 1 0 0 0 0 0 1 0 0 1 1 0 0 1 1 1 0 0 0 0 0 1 0 0 0 0 1 1 1 0 0 0 1 1 0 0 0 0 1 1 1 0 1 1 0 0 1 1 0 1 0 0 1 1 0 1 0 1 0 0 0 1 0 0 0 1 1 1 1 0 1 0 1 0 0 1 1 1 0 1 1 1 1 0 1 1
51 0 0 0 0 1 0 0 0 0 0 1 1 1 1 1 1 1 0 1 1 0 0 1 0 1 0 1 0 1 1 0 0 0 1 1 1 0 0 1 1 1 1 1 1 0 0 1 0 1 0 1
98 0 1 1 0 0 0 1 0 0 1 1 0 1 0 0 0 1 1 1 0 0 0 0 0 1 1 0 0 0 1 0 1 1 0 1 0 0 0 1 1 0 1 1 1 0 0 1 0 0 0 1 1 1 1 0 1 0 1 1 0 0 1 1 0 0 1 0 0 1 0 0 0 1 0 0 0 0 1 0 1 0 1 0 0 1 0 0 0 0 1 0 0 0 1 0 1 0 1
