100
81 0 0 0 0 1 0 1 1 1 0 1 0 1 0 0 0 0 1 1 1 1 1 1 0 1 1 1 0 0 0 0 1 1 1 1 1 0 1 1 1 0 0 1 0 1 1 1 0 1 0 0 1 1 0 0 0 1 0 1 0 0 1 1 1 0 0 0 0 0 1 0 1 0 0 1 1 1 0 0 0 1
92 0 0 1 1 1 1 1 0 0 1 1 1 1 0 1 0 0 0 1 0 1 1 1 1 0 0 0 1 0 0 0 1 0 0 0 0 0 1 1 0 1 0 1 0 0 1 0 1 1 1 0 1 1 1 0 1 0 1 0 1 1 1 0 0 1 1 1 1 0 1 0 1 1 1 1 1 1 1 1 0 0 1 1 0 0 1 1 0 1 1 1 0
76 0 0 1 0 0 1 0 1 1 1 1 0 1 1 0 0 1 1 0 1 1 0 1 1 1 1 0 1 0 0 0 0 1 0 1 1 0 0 0 0 1 0 0 1 1 1 0 1 1 1 1 1 0 1 0 0 1 1 1 0 1 0 1 0 0 0 1 0 1 0 1 1 1 1 0 0
51 1 1 0 0 0 0 1 1 1 0 1 0 1 1 1 0 0 0 0 0 1 1 0 0 1 0 0 1 0 1 1 0 0 1 0 0 0 0 0 0 0 0 0 0 0 1 1 1 1 0 1
86 0 1 1 1 0 0 0 0 1 0 1 0 0 1 1 0 0 1 0 1 1 0 0 1 1 0 0 0 1 1 1 0 0 0 1 0 0 1 1 0 0 0 1 1 1 0 1 0 1 0 0 0 1 0 1 0 0 1 1 0 0 1 0 0 1 0 0 0 1 1 0 0 0 0 0 0 0 1 0 1 1 0 0 0 1 1
57 1 1 0 0 0 1 0 1 0 1 0 0 0 0 1 0 0 0 1 0 0 0 0 0 1 1 0 0 1 1 1 0 1 1 0 1 0 1 1 1 0 0 1 1 1 0 1 0 1 0 1 0 0 0 1 0 0
73 0 1 0 1 0 0 1 0 1 1 1 1 1 0 0 0 0 1 0 0 1 1 1 1 0 0 0 0 1 1 0 0 1 1 0 0 1 0 0 1 0 1 1 1 1 0 1 0 0 0 0 1 0 0 1 1 0 1 1 0 1 0 0 0 0 0 0 0 0 1 0 1 1
99 0 1 1 0 0 1 0 0 1 1 1 1 1 1 1 0 1 0 0 0 1 0 1 0 1 0 1 1 0 1 1 1 1 0 1 1 1 1 0 0 1 1 1 0 0 0 0 1 1 1 0 0 1 1 1 1 1 1 0 0 0 0 0 1 0 0 1 0 1 0 1 1 1 1 1 1 1 0 0 0 0 1 0 0 1 0 0 1 1 0 1 0 1 1 0 0 1 0 0
89 0 1 0 1 0 1 0 1 0 1 1 1 1 0 0 0 0 0 0 1 0 0 0 0 1 0 0 0 0 0 0 0 1 0 0 0 1 1 1 1 0 1 1 0 0 1 1 0 1 1 1 0 0 0 1 1 1 0 1 0 1 0 1 1 1 0 0 1 0 1 1 0 1 0 0 1 1 0 0 0 1 0 1 1 0 1 1 0 1
72 0 1 1 1 1 0 0 0 1 0 0 0 1 0 0 1 1 1 1 1 1 1 0 1 0 1 0 0 1 1 0 0 0 1 1 0 0 1 1 1 0 0 1 0 1 0 1 0 1 1 0 1 1 1 1 1 0 0 1 1 0 1 1 1 0 0 0 0 0 1 0 0
68 1 1 1 0 1 1 1 0 1 1 0 0 0 1 0 1 1 1 0 1 0 1 0 1 1 0 1 0 1 0 0 0 1 1 0 0 0 0 1 0 1 0 1 1 0 1 1 0 1 1 0 0 1 0 1 0 0 1 1 1 1 0 1 0 0 0 1 0
64 1 1 0 1 0 1 1 1 0 1 1 1 0 1 0 0 0 1 1 1 0 0 1 0 0 0 1 1 0 0 0 1 0 1 0 0 0 0 0 1 1 0 1 1 1 0 0 0 0 0 0 1 1 1 0 0 0 1 1 1 0 0 0 1
70 1 1 0 0 0 1 1 1 1 0 0 0 1 1 0 1 1 0 0 0 0 1 0 1 0 0 1 0 1 1 0 1 1 0 0 1 0 0 1 1 1 0 0 1 0 1 0 1 0 1 1 0 0 0 0 1 1 1 0 1 0 0 1 1 0 0 1 0 0 1
62 1 0 1 0 1 1 1 1 1 1 0 1 0 0 1 0 1 0 0 0 1 1 0 0 1 1 1 0 1 1 1 1 0 0 0 0 0 0 0 0 0 0 1 0 0 1 0 1 1 0 1 0 1 1 1 1 1 0 0 0 0 1
58 0 0 1 1 0 0 0 1 1 1 1 1 0 0 1 0 1 1 0 0 1 1 1 1 0 0 0 0 1 1 1 1 1 0 1 1 1 0 0 0 1 1 0 0 1 0 1 0 1 1 0 0 0 1 0 0 1 0
92 0 0 1 1 0 1 0 1 1 0 1 1 1 1 1 0 1 1 0 0 0 0 1 0 0 1 1 1 0 1 1 1 0 1 1 0 1 0 0 0 1 1 0 1 1 0 0 1 0 0 1 1 0 1 0 1 1 1 1 1 1 1 0 1 1 0 1 0 0 0 0 0 1 1 0 1 1 0 0 0 1 1 1 0 1 1 1 1 0 1 0 0
70 1 0 0 1 1 1 1 0 0 0 1 1 1 1 0 0 0 1 0 0 0 1 0 1 0 1 0 1 0 0 0 1 0 1 0 1 0 0 1 1 1 1 1 0 1 0 0 0 0 0 0 1 1 1 1 1 1 0 1 0 0 0 0 0 0 1 0 1 0 1
82 0 0 1 0 1 1 0 1 1 1 0 0 1 1 1 0 1 1 1 0 0 1 0 1 0 1 0 1 0 0 0 1 0 1 1 1 1 1 0 0 1 1 0 0 1 0 1 0 0 0 1 0 0 0 1 1 1 1 1 0 0 1 0 0 0 1 1 0 0 0 1 0 0 0 0 1 1 1 0 1 0 1
74 0 1 0 1 0 0 1 1 1 1 1 1 1 0 0 0 0 0 0 0 1 0 1 0 1 0 1 1 1 1 1 0 1 1 1 0 1 1 1 0 1 0 1 1 0 0 0 0 1 1 0 0 1 1 0 0 1 1 0 0 0 1 0 0 0 0 0 1 1 0 1 1 0 1
91 0 0 0 1 1 0 1 1 1 1 0 0 1 0 1 1 0 0 1 1 1 0 1 1 0 1 0 1 1 0 0 1 0 0 1 0 1 0 0 1 0 0 1 0 1 1 0 0 0 1 1 1 0 1 1 0 1 0 1 0 1 0 1 1 1 0 0 1 0 0 0 0 1 0 1 1 0 0 1 0 0 1 0 1 1 0 1 0 0 1 1
97 0 1 1 0 0 0 0 0 0 0 0 1 1 1 1 1 1 0 1 0 1 1 0 1 1 0 1 0 1 1 0 0 0 0 1 1 1 1 1 1 0 0 0 1 0 1 1 1 0 0 0 0 0 1 0 1 0 1 1 0 1 1 0 1 0 1 0 0 0 0 0 0 0 1 1 0 0 1 0 0 0 1 1 0 0 0 1 0 0 1 1 1 0 1 1 0 0
59 0 0 1 1 0 0 1 0 1 1 1 1 0 0 0 1 0 1 0 0 1 0 1 0 1 0 0 0 0 1 0 0 0 1 0 0 1 1 1 0 0 0 0 1 1 1 0 1 0 1 1 0 1 0 1 1 0 1 0
99 1 0 0 1 0 0 0 0 1 1 1 0 0 0 0 0 0 1 1 0 0 1 1 1 1 1 0 1 0 1 1 0 1 1 1 1 0 0 0 1 0 0 0 0 1 1 1 1 0 0 0 0 1 0 1 1 1 0 1 0 0 1 0 1 0 1 0 0 0 1 0 1 1 1 1 0 1 1 1 1 0 1 1 0 1 1 1 1 0 1 0 1 0 0 1 0 0 1 1
94 1 1 0 0 0 1 0 1 1 1 1 1 1 1 0 0 0 0 0 1 1 0 0 0 1 1 1 1 1 1 0 1 1 0 1 1 0 1 1 0 1 0 0 1 0 0 0 1 0 0 0 1 0 0 0 1 0 1 1 1 1 0 0 1 0 0 1 1 0 0 0 0 0 0 1 0 0 0 0 1 0 1 1 1 0 1 0 0 1 1 0 1 1 0
50 1 0 0 0 0 0 0 0 1 1 1 0 0 1 0 0 1 0 0 1 1 1 0 0 1 1 1 1 0 1 1 1 1 1 1 1 1 0 1 1 1 0 1 1 1 1 0 0 0 1
83 1 1 0 1 1 1 1 0 1 1 0 0 0 0 1 0 1 0 0 0 1 0 1 0 1 0 0 1 1 0 0 1 1 0 0 1 0 1 1 1 0 1 1 0 1 0 0 0 0 1 1 1 1 0 0 0 0 0 0 0 0 0 0 0 1 1 0 0 1 1 1 0 0 0 1 0 1 1 0 1 1 0 1
74 0 1 1 1 0 1 1 1 1 0 0 1 1 0 0 1 0 1 0 0 1 0 1 1 1 0 1 1 1 0 1 0 1 1 0 1 0 1 1 1 1 0 0 0 0 0 1 1 0 0 1 0 1 0 0 0 0 0 0 1 1 0 1 0 1 1 0 1 1 1 0 1 0 0
83 0 0 1 0 0 0 0 0 1 1 1 0 1 1 0 0 0 0 0 0 1 0 1 0 0 0 0 1 1 0 0 1 1 1 1 1 0 0 0 0 0 0 0 1 1 1 1 0 0 1 0 1 0 0 1 0 1 0 1 0 1 0 0 0 1 0 0 0 0 0 1 1 1 0 0 1 1 0 0 1 1 1 0
89 1 1 0 1 1 1 1 0 0 1 1 1 1 0 0 1 0 1 1 1 1 0 0 1 1 0 0 0 0 0 0 1 0 1 0 1 1 1 0 1 0 1 1 1 0 1 1 1 0 0 0 1 1 0 0 0 1 1 1 0 0 1 1 1 1 0 1 1 0 1 0 0 0 1 1 0 1 1 0 1 0 1 0 1 1 1 0 0 1
61 0 0 1 0 1 1 1 1 0 0 1 0 0 1 1 1 0 1 0 1 1 0 1 1 0 0 1 1 0 1 0 0 0 0 1 0 0 1 0 0 1 1 1 1 1 1 1 0 0 0 0 1 1 1 1 0 0 0 0 0 0
71 1 1 0 1 1 0 1 0 1 1 0 1 1 1 0 1 0 1 1 0 1 1 1 0 0 0 1 1 0 1 0 1 0 0 0 0 1 1 0 0 0 0 0 0 0 0 1 0 0 0 0 0 0 0 1 1 0 0 1 0 0 1 1 1 1 0 1 0 1 1 1
67 1 0 0 1 0 0 1 0 1 1 1 1 0 1 0 0 0 1 1 0 1 0 0 0 0 0 1 1 1 1 1 0 0 1 0 0 1 1 0 1 1 0 1 0 0 1 1 1 0 0 1 1 1 0 0 1 1 1 1 1 0 1 0 0 0 0 0
56 0 0 1 1 1 1 0 0 0 0 1 1 1 0 0 0 0 0 0 0 1 0 1 1 1 1 0 0 1 1 1 1 1 1 1 1 0 1 0 1 0 1 1 1 0 1 1 0 0 0 0 1 0 0 0 1
100 1 0 1 1 1 0 1 0 1 0 1 1 1 1 1 1 0 1 1 0 1 0 1 1 0 0 0 0 1 0 1 0 1 0 0 0 0 1 1 1 0 0 0 1 0 0 0 1 1 0 1 1 0 0 0 0 0 1 0 1 0 1 0 0 0 0 1 1 0 1 1 1 1 0 1 0 1 1 1 0 1 0 0 1 1 1 0 0 1 0 1 1 1 1 0 0 0 0 0 0
82 0 1 0 0 1 0 0 0 1 0 1 0 1 0 1 1 1 1 0 1 0 0 1 1 1 1 0 1 0 1 1 1 1 0 0 0 1 0 1 1 0 0 0 0 1 1 1 1 0 0 0 1 0 0 0 0 0 1 0 1 0 0 0 0 0 1 1 1 1 1 0 1 0 0 0 1 0 0 1 0 1 0
86 0 0 0 1 1 1 1 1 1 1 0 0 0 0 1 0 1 1 1 1 0 0 0 1 1 0 0 1 0 1 0 1 1 1 0 0 1 0 1 1 0 1 1 1 0 1 0 0 0 1 1 0 1 0 0 1 0 1 1 0 1 0 0 0 1 1 1 1 1 0 0 0 1 0 1 1 0 1 0 1 1 1 1 1 1 1
69 1 1 0 1 0 1 0 1 1 0 0 1 0 0 0 0 1 1 1 1 0 0 0 0 0 1 0 0 0 0 0 0 0 0 1 1 1 0 0 0 1 0 0 1 0 1 1 0 0 1 0 0 1 0 1 1 0 0 0 0 1 0 0 1 1 0 0 1 0
82 0 1 1 1 1 0 0 1 1 0 1 0 0 1 0 1 1 0 0 0 0 1 1 1 1 0 0 0 1 1 0 0 0 0 1 0 1 1 1 1 1 0 0 0 0 0 0 0 1 0 1 1 0 1 1 0 1 1 0 0 1 1 0 0 0 0 1 0 1 1 0 1 1 0 0 1 1 1 1 1 1 0
99 1 1 0 0 1 1 1 0 1 0 1 1 0 0 0 1 1 0 1 1 0 0 0 0 0 0 0 0 0 0 0 1 1 0 1 0 0 1 1 0 1 0 0 0 0 0 0 1 0 0 0 0 0 0 1 1 1 0 1 0 0 1 1 0 0 1 1 0 1 1 1 1 1 1 0 1 0 1 0 1 1 1 0 0 1 0 0 1 0 0 0 0 0 0 1 1 0 1 1
63 0 0 1 1 0 1 1 1 1 0 0 0 0 1 0 0 0 0 1 1 1 0 1 1 1 1 1 1 0 0 1 1 1 1 1 0 1 0 1 0 0 1 0 1 0 1 0 0 1 0 0 0 1 1 1 1 0 0 0 0 0 1 1
84 0 0 0 1 1 0 0 0 0 1 1 1 1 0 0 0 0 0 0 1 1 1 0 1 0 1 1 1 1 1 0 1 0 1 1 1 1 0 1 0 0 0 0 1 1 1 1 1 1 0 1 1 1 1 0 1 0 1 1 1 1 0 1 0 0 1 0 1 0 1 0 1 0 0 1 0 0 0 1 0 1 1 1 1
89 1 1 1 1 0 0 1 1 0 0 1 1 1 0 1 1 1 0 1 1 1 0 0 1 0 0 0 1 0 1 0 1 0 1 1 1 1 0 0 1 1 0 0 0 1 0 1 1 1 0 0 1 1 0 0 0 1 1 0 1 0 1 1 1 1 0 0 1 0 0 0 1 1 0 0 0 1 1 1 0 0 0 0 1 0 0 1 1 0
88 1 0 1 1 0 0 0 0 0 1 0 1 1 1 0 1 1 0 0 1 1 1 1 0 0 0 1 0 0 0 1 0 0 0 1 1 0 0 0 0 0 1 1 1 1 0 1 0 1 1 0 0 0 0 0 0 0 0 0 1 1 1 0 0 1 0 0 0 0 0 1 1 1 0 1 1 1 0 1 1 0 1 1 1 1 1 1 0
84 1 0 0 0 0 1 0 1 0 1 0 1 0 0 0 0 0 1 0 0 1 0 1 0 0 1 1 1 0 0 1 0 0 0 0 0 1 1 0 1 0 1 0 1 0 0 1 1 1 0 1 1 1 0 0 1 0 0 1 0 0 0 1 1 0 0 0 0 1 0 1 0 1 1 0 1 1 0 0 0 0 0 0 0
90 1 1 0 1 1 0 1 1 1 1 0 0 1 0 1 0 0 1 0 1 0 1 0 1 0 0 1 0 0 0 1 0 1 0 1 0 1 1 0 1 0 0 1 1 1 0 1 1 0 1 1 1 0 0 0 1 1 0 1 1 0 0 1 1 0 1 1 1 0 0 1 0 1 0 0 1 0 0 0 0 0 0 1 0 1 1 0 0 1 1
61 1 1 0 1 0 0 0 0 0 0 0 0 0 0 1 1 0 0 0 1 1 0 1 0 0 0 1 1 1 1 1 1 0 0 1 0 1 0 0 0 1 0 0 1 1 0 0 1 0 0 1 1 1 0 0 1 0 0 0 1 1
66 0 1 0 0 1 0 0 1 1 1 1 1 0 1 1 1 1 0 1 1 0 1 0 1 0 0 1 1 1 1 0 1 0 0 1 1 0 0 0 0 1 0 1 0 0 0 0 0 0 1 1 0 0 0 0 0 1 0 0 0 0 1 0 1 0 0
50 1 0 0 0 0 1 1 1 1 1 1 1 1 1 0 1 0 1 0 1 1 0 1 1 1 0 0 1 1 1 0 0 1 1 0 1 1 1 1 1 0 1 0 1 0 0 0 1 1 0
91 0 0 0 1 0 1 0 0 0 1 0 0 1 0 0 1 1 1 0 1 1 1 1 0 1 1 0 0 0 0 0 0 0 0 1 1 0 0 0 0 0 1 0 1 0 1 1 1 0 0 1 0 0 0 1 1 0 1 1 1 1 0 0 1 0 0 1 1 0 1 0 1 1 1 0 0 0 0 0 1 0 0 0 1 1 0 1 1 0 1 0
96 1 1 0 0 1 0 0 1 1 0 0 0 1 0 1 0 0 1 1 1 0 0 0 0 0 0 0 1 0 1 1 1 0 0 0 0 0 0 1 0 0 1 0 1 1 0 1 0 0 1 1 0 0 0 0 1 1 1 1 0 1 1 0 1 1 1 1 0 1 1 0 1 1 1 1 1 0 1 1 0 1 1 1 0 1 1 0 0 1 0 1 1 1 0 0 1
66 0 1 0 0 1 0 0 0 1 0 0 0 0 1 1 0 0 1 1 0 0 1 0 0 0 1 0 0 1 0 1 0 1 0 0 1 0 0 1 1 1 0 0 1 0 1 1 0 1 0 1 1 1 1 0 0 1 1 1 0 0 0 1 0 0 0
72 0 0 1 1 0 0 1 1 0 0 0 0 1 0 0 1 0 1 0 0 1 1 1 0 1 1 1 1 0 1 0 0 1 1 0 1 1 0 1 0 1 0 1 0 1 1 0 1 0 1 1 0 1 1 0 0 0 0 1 0 1 1 0 0 0 1 1 0 0 1 0 0
63 1 1 1 0 0 0 1 1 1 0 1 0 1 0 0 1 0 0 1 0 0 0 1 1 0 0 0 1 1 1 1 0 0 1 1 0 1 0 0 1 0 0 1 0 1 1 0 1 0 1 1 1 0 0 0 0 1 0 0 0 0 0 1
80 1 1 0 0 0 0 0 0 0 0 0 0 0 0 0 1 0 0 0 1 1 0 1 0 0 0 1 0 0 1 0 0 0 0 1 1 1 1 1 1 0 0 0 0 0 1 1 0 1 1 0 1 0 0 0 1 0 0 1 0 0 1 1 1 1 0 1 1 1 1 0 1 1 1 0 1 1 1 0 1
55 0 1 0 1 0 0 1 0 0 1 0 1 0 1 0 1 0 0 1 0 1 1 0 0 0 0 0 0 0 0 0 1 1 0 0 0 1 0 0 0 0 1 1 1 0 0 0 1 1 0 1 0 1 0 0
53 0 0 0 0 0 0 0 1 1 1 1 0 0 1 1 0 0 0 1 1 1 1 0 0 0 0 0 0 1 0 0 0 1 0 0 1 1 0 0 1 0 1 0 0 1 1 0 0 1 1 1 0 1
60 1 0 1 0 0 0 0 0 0 0 1 0 1 0 1 0 1 0 1 1 0 0 0 0 0 0 0 0 1 0 1 1 1 0 0 1 0 0 0 1 1 0 1 0 0 1 0 0 1 1 1 1 1 0 1 0 0 0 1 1
51 0 0 0 0 1 1 1 0 0 0 1 0 0 1 1 0 1 0 0 0 0 0 0 0 1 1 0 1 0 0 1 0 1 0 0 1 1 0 0 0 0 0 0 0 0 1 0 1 0 0 0
56 0 0 0 0 1 1 1 1 0 1 1 1 1 0 1 0 1 1 0 0 0 0 0 1 0 0 0 0 0 1 0 1 0 0 0 0 1 0 0 1 1 1 0 1 0 0 0 0 1 1 1 0 0 1 1 0
61 1 1 0 0 1 0 0 1 0 0 1 0 1 0 0 1 0 1 0 0 0 1 1 1 0 0 1 0 1 0 0 0 1 0 1 1 0 0 0 0 1 0 1 1 0 0 1 0 0 1 1 1 0 0 1 1 0 1 1 1 1
96 1 0 0 1 1 0 1 1 1 0 0 0 0 0 0 1 0 0 0 1 1 1 1 1 1 1 0 0 1 1 0 1 0 1 1 1 1 1 1 0 0 0 0 0 1 1 0 0 0 0 1 1 1 0 1 1 1 1 0 0 1 0 0 0 0 1 1 1 1 1 0 1 0 0 1 1 1 1 1 1 1 1 0 0 1 0 0 0 1 0 0 1 1 1 1 0
79 0 1 0 1 0 1 1 0 0 0 0 1 0 1 1 0 0 1 1 0 0 0 1 0 1 0 1 0 1 1 1 0 0 1 1 1 1 0 1 1 0 0 1 1 1 1 1 0 1 1 0 0 1 1 0 0 0 1 0 1 1 0 1 1 0 0 1 0 1 0 1 0 1 0 0 1 1 0 0
91 0 0 1 0 0 0 0 0 1 0 1 0 0 0 1 0 0 0 1 0 0 1 1 1 0 0 1 0 1 1 1 0 0 0 0 0 1 0 1 0 1 0 0 0 0 1 0 0 0 0 0 1 0 1 1 1 1 1 1 1 0 0 0 1 1 1 0 1 1 0 1 0 1 1 0 0 1 0 1 1 1 1 1 0 0 1 1 0 0 0 1
78 0 0 0 1 1 1 1 1 0 1 1 1 1 1 0 0 1 0 0 0 1 0 0 1 1 0 1 1 1 1 1 0 0 0 0 1 0 0 1 1 0 1 0 0 1 1 1 0 0 1 0 1 1 1 1 1 0 1 0 1 1 1 1 0 1 1 0 1 0 0 0 1 1 0 1 0 0 1
66 0 1 0 1 1 0 1 0 1 1 1 0 1 1 1 1 1 0 0 1 1 1 0 1 0 1 0 1 1 1 0 1 1 0 0 1 1 1 1 0 1 1 0 1 0 1 0 1 1 0 0 0 0 1 0 0 0 1 0 0 1 1 1 0 0 1
74 0 1 0 1 1 1 1 0 1 0 0 1 0 1 0 0 0 1 0 0 1 1 1 1 0 0 0 0 0 1 0 1 1 1 0 0 0 1 1 1 1 0 0 0 0 1 1 1 0 0 0 0 0 0 0 0 0 1 0 1 0 1 1 0 1 1 1 0 0 0 1 0 0 0
69 0 1 1 0 1 1 1 0 1 0 0 1 1 0 1 0 0 0 1 0 1 0 1 0 1 0 1 1 0 0 0 1 0 1 1 0 1 0 1 0 0 0 0 0 0 1 1 1 1 0 0 0 1 1 1 0 1 1 0 0 0 0 1 0 0 0 0 0 1
50 0 1 0 0 1 0 1 1 0 0 1 0 1 0 1 1 0 0 1 0 0 1 0 1 0 1 1 1 0 1 0 0 1 1 1 0 1 1 1 1 0 1 1 1 1 1 0 1 0 1
70 0 1 1 1 0 1 1 0 0 0 0 0 0 1 0 0 0 1 1 1 1 0 0 0 1 1 1 1 1 0 0 1 1 1 1 0 0 1 0 1 1 1 1 0 0 1 1 0 1 0 0 0 1 0 0 1 0 0 0 0 0 1 1 1 1 0 1 1 0 1
87 0 1 1 0 0 1 0 0 1 0 0 0 1 0 0 0 1 0 0 1 1 0 1 0 1 0 0 0 1 0 0 1 0 1 0 0 1 1 0 1 0 1 1 0 0 1 0 0 1 1 0 1 1 0 0 1 0 1 1 1 1 0 1 1 1 1 1 1 1 1 0 0 0 1 0 0 1 1 0 1 1 1 1 0 1 0 1
87 1 0 0 0 1 0 1 1 0 1 0 0 0 1 0 1 1 1 1 1 1 1 1 1 0 1 1 0 0 1 0 0 1 1 0 1 1 0 1 1 1 0 0 1 1 1 1 0 0 0 1 0 0 0 1 1 1 1 0 0 0 1 1 1 0 0 0 1 1 1 1 1 1 0 0 1 0 0 0 0 0 0 1 0 1 1 1
99 1 0 0 0 1 1 0 0 0 1 1 0 0 0 1 0 0 0 1 0 1 1 1 0 0 1 0 0 0 1 1 1 0 1 1 0 0 0 0 0 1 0 1 0 0 1 1 0 1 1 0 0 1 0 0 1 1 1 1 0 1 1 0 1 1 1 0 0 1 1 1 1 0 1 1 1 1 1 0 0 1 1 0 1 0 1 1 1 0 0 0 1 1 1 0 0 0 0 0
83 0 1 0 1 0 1 1 1 0 1 1 0 0 1 0 0 0 0 0 0 1 0 1 1 1 1 0 0 0 1 0 1 1 0 1 1 0 1 1 0 0 1 0 0 1 0 0 0 1 0 0 0 1 1 1 1 1 1 0 1 1 1 0 0 1 1 0 0 1 0 1 1 1 1 1 0 0 1 0 0 0 0 0
57 0 1 1 1 0 1 1 1 0 0 0 0 0 0 1 1 1 1 1 0 1 1 0 0 1 0 0 0 1 1 0 1 0 1 0 1 1 0 1 0 1 1 0 0 1 0 1 0 1 0 0 0 0 0 0 0 1
93 0 1 1 0 1 1 1 1 0 0 1 0 1 0 1 0 0 0 1 1 1 1 1 0 1 1 1 1 1 0 0 0 0 0 0 0 1 0 1 1 1 0 1 1 0 1 0 0 1 1 1 0 1 1 0 1 0 0 0 1 1 0 1 0 1 0 1 1 1 0 1 1 0 1 0 1 1 0 1 1 1 0 0 0 0 1 0 1 0 0 1 1 1
60 0 1 1 0 1 1 0 1 0 0 0 1 1 0 0 1 0 0 0 0 1 0 1 0 1 1 1 0 0 0 1 0 1 1 0 0 1 1 1 1 0 1 1 0 0 1 0 0 1 1 0 0 0 1 1 0 1 0 0 0
91 1 0 0 0 0 0 1 1 1 0 1 1 0 1 0 1 0 0 0 1 0 0 0 0 0 1 0 1 1 0 1 0 1 0 1 0 0 0 0 1 0 1 1 0 0 0 0 0 0 1 0 1 0 0 1 1 1 1 0 0 0 1 1 1 1 1 0 1 0 1 1 0 1 1 0 1 0 0 0 0 1 0 1 1 0 0 1 0 0 1 1
79 1 1 1 0 0 0 1 0 1 1 1 1 1 0 0 1 0 0 1 0 1 0 0 0 1 1 0 1 0 1 1 1 1 0 1 0 1 0 0 0 0 0 1 0 1 1 1 0 0 0 0 1 1 1 1 0 1 0 0 0 0 1 0 1 0 0 1 1 0 0 1 1 0 1 1 1 1 0 1
74 0 1 1 0 1 1 1 0 1 0 0 0 0 0 1 0 1 0 1 1 1 0 0 0 0 0 1 0 0 0 1 0 1 1 1 0 0 1 0 1 1 1 0 1 0 0 0 0 0 1 0 1 0 0 0 0 1 1 1 1 0 1 0 0 0 1 0 1 0 0 0 0 0 0
65 0 1 1 0 1 1 0 1 1 0 1 1 0 1 0 0 0 1 0 0 0 0 0 1 1 1 0 1 1 0 1 1 0 0 0 1 1 0 0 0 1 0 1 1 1 1 0 0 0 1 1 1 1 1 1 0 0 1 1 1 1 1 0 1 1
87 0 1 0 0 1 0 1 1 1 1 1 1 0 0 0 1 1 0 1 1 0 0 1 1 1 1 1 0 0 1 0 1 1 1 0 0 0 0 0 1 0 0 0 0 1 1 1 1 1 0 1 0 1 0 1 0 1 1 1 0 1 1 1 0 1 0 0 0 1 0 1 1 0 1 1 1 0 1 0 0 1 0 0 0 0 1 1
96 1 1 1 1 0 1 0 0 1 0 0 0 1 0 1 1 1 1 1 0 0 1 1 0 0 0 0 0 1 1 1 0 0 0 1 0 1 0 1 0 1 1 0 0 0 1 0 0 1 0 0 1 1 0 1 1 1 1 0 0 1 1 1 1 1 0 0 1 0 0 1 0 0 1 0 0 1 1 1 1 1 0 1 1 0 0 0 1 0 0 0 0 0 0 1 0
58 0 0 1 1 1 1 1 1 0 0 1 1 0 0 1 1 0 0 0 1 1 1 1 1 0 0 0 1 1 0 1 1 1 1 0 1 0 0 0 1 1 1 1 0 0 1 1 0 1 0 0 0 0 1 1 0 1 1
71 1 0 1 0 1 0 1 0 0 0 0 1 0 1 0 0 1 0 0 0 0 1 1 1 1 0 0 0 0 1 0 1 1 0 0 1 1 1 0 0 1 0 0 1 1 0 0 1 0 0 0 0 0 0 1 0 1 0 1 1 0 1 1 1 1 1 1 0 1 0 0
92 0 0 0 0 1 0 0 0 1 0 0 1 0 0 1 1 1 1 1 0 1 0 1 1 1 1 0 1 1 0 0 0 1 1 0 1 0 1 0 0 0 0 0 1 1 1 0 0 1 0 0 0 0 0 0 0 0 0 0 0 1 0 1 0 1 0 0 0 1 1 1 1 1 0 1 1 0 0 0 1 1 0 0 1 0 1 1 0 1 0 1 0
90 0 0 1 0 1 1 0 0 1 1 0 0 1 0 1 1 1 1 1 1 0 0 0 0 0 0 0 1 1 1 1 0 1 1 1 1 1 1 0 1 1 0 0 0 1 0 0 1 1 1 0 1 0 0 0 0 1 0 0 1 1 1 0 0 0 1 1 0 0 1 1 0 1 1 0 0 1 0 0 1 1 1 0 1 0 1 1 0 1 1
66 1 0 1 1 1 0 1 1 1 0 1 0 0 0 0 0 0 0 1 0 0 1 1 1 0 1 1 1 1 1 0 1 0 0 1 1 0 0 0 1 0 0 0 1 1 0 1 0 1 1 1 1 1 1 1 1 1 0 1 1 1 0 1 0 1 1
91 0 1 1 0 0 1 1 1 1 0 1 0 1 0 0 0 0 1 1 1 1 1 0 1 0 0 0 0 1 1 0 0 1 1 1 1 1 0 1 1 0 1 1 1 0 0 0 1 0 1 0 0 1 1 1 1 0 1 1 1 1 1 1 1 1 0 1 0 1 0 1 0 1 1 1 0 1 0 0 0 1 1 1 1 1 1 0 0 1 0 0
59 0 1 0 0 0 1 1 1 0 1 0 0 1 0 0 0 1 1 1 1 1 0 1 0 0 1 1 1 0 0 1 0 1 0 0 1 0 1 0 1 1 0 0 0 0 0 1 1 1 0 1 1 1 0 0 1 0 1 0
88 1 0 0 1 0 1 0 1 0 0 1 1 0 0 1 0 1 1 0 0 0 0 1 1 1 1 1 1 1 1 1 1 0 0 0 1 1 0 0 1 1 0 0 1 0 1 1 0 0 1 0 1 0 1 0 0 1 0 0 1 0 0 1 0 0 0 0 1 0 0 1 1 0 0 1 1 1 1 0 0 1 0 0 1 1 1 0 0
85 0 1 1 1 0 1 0 1 1 0 1 1 1 0 0 0 1 0 0 0 1 0 1 1 1 1 1 1 1 1 0 0 1 1 1 1 0 0 1 0 0 0 0 1 1 1 0 0 0 0 1 0 1 1 1 1 0 1 0 1 1 1 0 1 0 1 1 0 0 0 0 0 1 1 0 0 0 1 0 0 1 1 1 0 1
84 1 1 1 0 1 0 1 1 1 0 1 1 1 0 1 0 0 1 0 1 1 0 1 1 0 0 0 0 1 1 1 0 1 1 0 1 1 0 1 1 1 1 1 0 1 0 1 1 1 0 1 1 1 1 0 1 0 0 1 1 0 0 1 1 1 1 1 0 0 0 1 0 1 0 0 0 0 1 1 1 0 0 1 0
54 0 0 1 1 0 1 0 1 0 0 1 0 1 0 1 0 1 1 0 1 1 1 0 0 1 0 0 1 1 0 0 0 0 0 1 0 1 1 0 0 1 1 1 0 0 0 0 0 0 1 0 1 1 0
62 0 1 0 1 1 1 1 0 0 1 1 1 0 1 0 1 1 0 1 0 1 1 0 0 0 1 1 1 1 0 0 1 1 0 1 0 1 1 1 1 1 0 0 0 0 1 1 1 1 1 1 0 0 0 1 0 0 0 0 1 1 1
86 0 0 0 1 1 0 0 0 1 1 1 0 0 0 1 1 0 1 0 1 0 0 1 1 1 1 0 0 1 1 1 1 1 0 0 1 0 1 1 0 1 0 1 1 0 1 1 1 1 0 0 1 0 0 1 0 0 1 0 0 1 0 0 0 0 0 0 0 1 1 0 0 1 1 1 1 1 1 1 0 0 0 1 1 1 1
64 0 1 1 0 0 0 0 0 1 1 0 0 0 0 0 1 1 1 1 0 1 1 0 1 1 1 0 1 1 0 0 0 1 0 0 0 0 1 1 1 0 0 0 0 0 1 1 0 1 0 0 0 0 1 1 1 0 0 1 1 1 0 1 0
78 0 0 1 1 1 0 1 1 1 1 0 0 0 1 0 0 1 1 1 1 1 1 1 1 0 0 1 1 0 1 0 0 1 0 0 1 1 1 0 0 0 1 1 1 1 0 1 0 1 0 0 0 1 0 0 1 0 1 0 0 1 1 0 0 0 1 0 0 1 0 0 1 0 0 0 0 0 0
90 1 0 1 0 1 1 0 1 0 0 0 1 0 1 1 1 0 1 1 0 1 1 0 0 0 1 0 1 0 1 1 0 0 0 0 1 1 0 1 1 1 0 1 1 1 0 0 0 0 0 1 0 0 1 0 0 1 0 0 1 0 0 1 0 0 1 1 0 1 1 0 0 1 1 0 1 1 1 0 0 0 1 1 0 0 0 1 1 1 0
71 1 0 1 1 0 0 1 0 0 0 0 0 1 0 0 0 0 1 0 1 1 0 0 1 0 0 1 0 1 0 1 0 1 1 1 0 1 0 1 0 0 0 0 0 0 1 0 1 0 0 1 0 1 0 0 1 1 1 0 0 0 0 0 1 0 1 0 1 0 1 1
83 0 0 0 0 0 0 0 0 0 1 0 1 1 1 1 0 1 1 1 0 0 0 0 1 0 1 0 0 0 0 0 1 0 0 0 1 0 0 0 1 0 0 0 1 0 1 0 0 1 0 0 1 0 0 1 0 0 1 1 1 0 1 0 0 1 1 0 0 0 0 0 0 0 0 1 0 1 1 0 0 0 1 1
