100
100 0 0 0 0 0 0 0 0 0 0 0 0 0 0 0 0 0 0 0 0 0 0 0 0 0 0 0 0 0 0 0 0 0 0 0 0 0 0 0 0 0 0 0 0 0 0 0 0 0 0 0 0 0 0 0 0 0 0 0 0 0 0 0 0 0 0 0 0 0 0 0 0 0 0 0 0 0 0 0 0 0 0 0 0 0 0 0 0 0 0 0 0 0 0 0 0 0 0 0 0
50 0 0 0 0 0 0 0 0 0 0 0 0 0 0 1 0 0 0 0 0 0 0 0 0 0 0 0 0 0 0 0 0 0 0 0 0 0 0 0 0 0 0 0 0 0 0 0 0 0 0
95 0 1 0 0 1 1 0 0 1 1 1 1 1 1 1 0 1 0 0 0 0 1 0 0 1 1 0 0 1 1 0 0 1 0 0 0 0 0 0 1 0 1 1 1 0 1 0 1 1 0 0 0 0 0 0 1 0 1 0 0 0 0 0 1 1 1 1 0 0 0 0 1 0 0 0 1 1 1 1 1 0 1 0 0 1 0 0 1 0 1 1 0 1 0 0
69 0 1 0 1 1 1 0 0 0 0 0 0 1 1 0 0 1 0 0 1 0 1 0 0 0 1 1 0 0 0 1 0 0 1 1 1 1 0 0 0 1 0 0 1 0 1 1 1 0 1 0 1 0 1 1 0 1 1 0 0 1 1 0 1 0 0 0 0 1
81 1 1 1 1 1 1 1 0 1 0 0 0 0 0 0 1 1 0 0 1 1 1 0 0 1 1 0 0 0 0 1 1 1 1 0 0 0 0 1 0 1 0 1 0 0 1 0 0 1 1 0 0 1 1 1 0 1 0 0 1 1 1 1 0 0 0 0 0 0 1 1 1 1 1 1 1 1 1 1 1 1
77 0 1 0 1 1 0 1 0 1 1 0 1 1 0 0 1 0 1 1 0 1 1 1 0 1 0 0 1 1 1 1 1 1 1 0 1 1 1 0 1 1 0 1 1 0 1 0 1 0 1 0 1 0 0 1 0 0 0 1 0 0 0 0 0 1 1 1 0 0 1 0 1 0 0 1 1 0
57 1 0 1 1 1 0 1 0 0 0 1 1 1 1 1 0 1 1 1 1 0 0 1 1 1 1 1 1 0 0 0 0 0 1 0 1 0 1 1 0 1 1 0 0 0 1 0 1 1 1 1 0 0 1 0 0 1
83 0 0 0 0 0 0 0 0 1 0 1 0 1 1 0 0 0 1 0 0 0 0 1 0 1 1 0 0 1 0 0 0 0 1 1 1 1 0 0 1 0 0 0 1 0 1 0 0 1 0 1 1 1 1 0 1 1 1 0 1 1 0 0 0 0 0 1 0 1 1 1 1 0 0 1 0 1 1 1 0 1 0 1
75 0 0 0 1 0 0 0 0 1 1 1 1 1 0 1 0 1 0 1 1 1 0 0 0 1 0 1 0 0 0 1 1 1 0 0 0 0 1 0 1 0 0 0 0 1 1 0 1 1 0 0 1 0 0 1 0 0 0 1 0 0 0 0 0 1 1 1 0 1 1 1 0 0 1 0
88 1 1 0 0 0 1 1 1 0 1 1 1 1 1 1 0 1 0 0 0 0 1 0 0 1 0 0 0 0 0 1 1 1 1 0 1 0 0 1 0 1 0 0 1 1 1 0 1 1 0 0 1 0 0 0 0 0 0 0 0 0 1 0 0 0 1 0 0 1 0 0 0 0 0 0 0 0 1 1 0 1 0 0 1 0 1 1 1
65 1 1 1 0 1 0 0 0 0 0 1 0 0 0 1 1 1 0 1 0 0 1 0 0 0 1 0 0 0 1 0 0 1 1 1 0 0 0 1 0 1 1 1 1 1 1 1 1 0 1 0 0 1 1 1 0 1 1 1 0 1 0 0 0 1
83 0 1 0 1 1 1 0 0 1 1 0 0 1 0 1 1 1 1 1 0 0 0 1 0 1 0 1 1 1 0 1 0 1 1 1 1 1 1 1 0 1 0 0 0 1 0 0 0 0 1 0 1 1 0 1 1 0 1 0 0 0 0 0 0 1 1 0 0 1 0 0 0 1 0 0 1 0 0 1 0 1 1 1
69 1 0 0 0 0 1 0 1 1 0 0 1 1 1 0 0 0 0 1 0 1 1 1 0 0 0 1 0 0 0 1 0 0 1 0 1 0 1 1 1 0 0 0 1 1 1 0 0 1 1 0 0 0 1 1 0 1 1 0 0 0 0 0 0 1 1 0 1 0
51 0 0 1 0 1 0 1 0 1 1 1 1 1 0 0 1 0 0 1 1 0 1 0 1 0 1 0 1 0 0 0 1 1 1 1 0 0 0 0 1 0 0 0 0 1 1 0 0 0 0 0
69 1 1 0 1 1 0 0 1 1 1 1 0 1 1 0 0 0 1 0 0 0 1 1 1 1 1 1 1 0 0 0 1 0 0 1 0 1 0 0 1 1 0 0 0 0 0 1 1 1 1 0 1 1 0 0 0 1 0 1 1 1 1 1 1 0 0 0 1 0
64 0 0 0 1 0 1 0 0 0 0 0 0 0 0 1 0 0 0 1 1 1 1 1 1 1 1 0 1 1 0 1 1 0 1 1 0 1 1 0 1 0 1 1 0 1 0 0 1 1 1 0 1 1 0 1 1 1 1 0 0 1 0 1 1
96 0 0 1 0 0 0 0 0 0 0 0 0 0 1 0 1 1 0 1 1 1 1 1 0 0 0 1 0 1 0 1 0 1 0 0 1 0 0 0 0 0 1 0 1 0 1 0 0 1 0 0 0 0 1 1 1 0 0 0 1 1 1 1 1 1 0 1 0 1 1 0 1 0 0 1 0 1 0 1 1 0 1 1 0 1 1 0 1 0 0 1 1 0 1 1 1
85 0 0 0 1 0 0 1 0 0 0 0 1 0 0 0 0 1 0 0 0 1 1 0 1 0 1 1 1 1 0 0 1 0 1 1 0 1 1 1 0 1 1 0 0 1 0 1 0 1 0 0 1 1 1 0 1 1 0 1 0 1 0 0 0 1 1 1 0 0 1 1 1 0 0 1 1 1 0 0 1 0 0 1 1 1
93 0 1 1 1 1 0 0 1 0 1 1 0 0 1 1 1 0 1 1 0 1 1 0 0 0 0 0 1 0 0 0 0 1 0 0 0 1 1 0 0 1 0 0 1 0 0 1 0 0 0 0 1 0 0 1 1 1 1 0 1 1 0 1 0 0 0 0 0 0 1 0 1 0 0 0 0 0 0 1 1 1 0 1 1 0 0 0 0 1 0 0 1 1
98 0 0 1 0 0 0 0 0 1 0 1 0 0 1 1 1 1 0 0 1 1 1 0 1 0 0 1 1 1 0 0 0 0 0 0 0 0 1 1 0 1 1 1 1 0 1 0 1 1 1 1 0 0 0 1 0 0 0 0 0 1 1 0 0 0 1 1 1 0 1 0 0 0 0 0 0 1 1 1 0 1 1 0 0 0 0 0 0 0 0 1 0 0 1 1 1 1 1
61 1 1 0 1 0 1 0 0 0 1 0 0 1 1 1 0 0 0 1 0 0 0 0 1 0 1 0 0 0 1 1 0 1 0 0 0 1 1 1 0 1 1 0 1 0 0 1 0 1 1 1 0 1 1 0 1 0 0 1 1 0
54 0 0 1 0 1 0 0 1 0 1 1 0 1 1 0 1 0 0 0 1 1 0 1 0 0 1 1 1 0 0 0 0 1 1 0 1 1 0 1 1 1 1 1 1 1 1 0 1 0 0 1 0 0 1
70 0 1 1 0 0 1 0 0 0 1 0 0 1 1 0 1 1 1 0 1 1 1 1 1 0 1 0 0 0 1 0 0 0 1 1 1 0 1 0 1 0 1 0 1 1 0 1 1 0 1 0 0 0 1 0 0 0 0 0 0 0 0 0 0 1 0 0 0 0 1
64 0 1 0 0 1 0 0 1 1 1 1 0 1 0 1 1 1 1 0 1 0 0 0 1 1 0 1 0 1 0 0 1 0 0 0 0 0 0 0 0 1 0 1 1 0 0 0 1 0 1 0 1 1 0 0 0 1 1 1 0 0 0 1 0
68 1 0 1 0 1 1 0 0 0 0 0 1 0 1 1 0 0 1 1 0 1 0 0 1 1 1 0 0 1 1 0 1 1 1 1 1 1 0 0 1 0 0 0 0 0 0 0 0 0 1 1 0 1 0 1 1 1 0 1 1 0 0 0 0 0 0 0 0
91 0 0 0 0 1 0 0 1 0 1 0 1 1 0 0 1 0 1 1 0 0 1 0 0 0 1 1 0 0 1 0 0 1 0 0 1 1 1 0 0 1 1 0 0 1 0 0 0 1 0 1 0 1 1 0 0 1 1 1 1 0 1 0 0 0 0 1 0 1 1 0 0 0 0 0 1 0 1 1 1 0 0 0 1 0 0 1 0 0 1 0
73 1 0 0 1 0 0 1 0 0 0 0 1 1 0 0 1 0 1 1 0 0 1 0 1 0 1 0 1 1 1 0 1 0 0 1 1 0 1 0 1 0 0 0 1 0 1 1 1 0 0 0 1 1 1 1 1 1 0 1 1 0 1 0 0 0 1 1 0 0 1 0 1 0
77 1 1 1 1 0 0 0 0 0 1 0 0 0 1 0 1 1 1 1 0 1 0 0 1 0 1 0 1 0 1 0 1 0 1 0 0 1 0 1 1 0 0 0 0 1 0 1 1 0 1 0 0 0 0 1 1 0 1 1 0 1 1 1 0 1 0 0 1 1 0 0 1 0 0 1 1 0
54 0 0 0 1 0 1 0 0 1 1 1 1 1 0 0 1 1 1 1 0 1 0 0 0 0 0 0 0 1 0 1 1 0 0 1 0 0 1 1 1 0 1 0 0 0 0 1 0 0 0 1 1 1 1
70 1 1 0 1 0 0 1 0 1 1 0 0 0 0 1 0 0 0 1 1 1 0 1 1 0 1 0 1 1 0 1 1 0 0 1 1 0 0 0 0 1 0 1 0 1 1 0 0 0 0 0 0 0 0 1 1 1 0 1 1 1 0 1 1 1 0 1 0 0 1
68 1 0 0 1 0 1 0 0 1 0 1 0 0 1 1 0 0 0 0 1 0 1 0 1 0 0 1 1 1 1 0 1 1 0 0 1 1 0 1 0 0 0 0 1 1 0 0 1 0 0 1 0 0 1 1 0 1 1 1 1 0 0 0 0 0 1 0 0
73 1 0 1 0 1 0 0 1 1 0 1 0 0 0 1 1 0 0 1 0 1 1 0 1 1 1 1 0 0 1 0 0 1 1 1 0 0 1 0 1 1 1 1 0 0 1 0 1 0 0 1 0 1 1 1 0 1 1 1 0 1 0 0 1 1 0 1 1 1 0 0 0 0
51 0 0 0 0 0 0 0 1 0 0 0 1 0 1 0 1 0 0 0 0 1 0 1 1 1 1 1 0 1 0 1 0 0 0 0 1 0 1 1 0 0 1 1 0 1 0 0 0 0 1 1
74 1 0 0 0 1 1 0 1 1 0 0 1 1 0 1 0 1 1 0 0 0 1 0 1 0 0 0 0 1 0 1 1 0 0 0 1 1 1 1 0 1 0 1 0 1 0 0 0 1 0 0 0 0 1 0 1 1 1 1 0 0 1 1 1 1 1 1 0 0 0 0 1 1 0
74 1 0 1 0 0 0 1 0 1 0 0 0 0 0 0 1 0 1 0 1 1 1 0 0 0 1 0 0 1 0 1 0 0 0 1 1 1 1 0 1 1 1 1 1 1 0 0 0 0 0 1 0 0 0 0 0 1 0 0 0 1 1 1 0 1 0 1 1 0 0 1 0 1 0
91 1 1 1 0 1 0 0 0 0 0 1 0 0 1 0 0 0 1 1 0 1 0 0 1 0 1 1 0 1 0 1 0 0 1 0 0 1 1 0 1 1 0 1 0 0 1 0 0 1 1 1 1 1 0 1 0 0 0 0 0 0 1 1 0 1 0 1 0 0 1 0 0 0 1 1 0 1 0 0 0 1 1 1 1 0 0 1 0 1 0 1
89 1 0 1 0 1 0 1 0 0 1 1 1 0 0 1 0 0 0 1 0 0 1 1 1 0 1 0 1 1 0 0 1 0 0 0 1 0 0 0 1 1 0 0 1 0 1 1 1 1 1 1 1 1 0 0 0 0 1 1 0 1 0 1 0 1 0 0 0 0 0 0 1 0 1 1 0 0 0 0 1 0 0 0 0 0 1 0 1 0
56 0 0 1 1 1 0 1 1 1 0 0 1 1 0 0 0 0 0 1 0 0 1 0 0 1 1 0 0 0 1 0 0 0 1 0 1 1 1 0 0 1 0 0 0 0 0 0 0 0 0 1 1 0 1 1 0
62 0 0 1 1 0 1 0 1 1 0 1 1 1 0 0 0 0 1 0 0 0 1 0 0 0 1 0 1 0 1 0 1 0 1 0 1 1 0 0 1 0 0 0 0 0 0 1 0 0 0 0 0 0 0 1 1 0 1 0 0 0 0
92 0 0 0 1 1 1 0 0 1 0 1 1 1 0 0 1 1 0 0 1 1 1 0 0 1 1 0 1 0 0 1 1 1 0 1 0 0 1 0 1 0 1 0 0 0 0 0 1 1 1 1 1 1 1 1 0 0 1 0 0 0 1 1 1 1 1 1 0 1 0 1 1 0 1 1 1 1 1 0 0 0 0 1 1 0 1 0 0 1 1 1 0
79 1 0 1 0 1 0 1 0 1 0 0 1 1 0 0 0 0 1 1 0 0 0 1 0 1 1 0 1 0 1 1 1 1 0 1 1 0 0 0 1 0 0 1 1 1 1 1 1 0 0 1 0 1 1 0 0 0 0 0 0 0 1 1 1 0 0 1 0 1 1 1 0 0 0 1 0 1 0 1
88 1 0 0 0 0 0 0 0 0 1 1 0 0 0 0 0 0 0 1 0 0 0 1 1 1 0 1 1 1 0 1 0 1 0 1 1 0 1 1 1 1 0 1 0 0 0 1 1 0 0 1 1 0 0 1 1 1 0 0 1 0 0 1 0 1 0 1 0 1 0 0 1 0 0 1 1 1 1 1 0 0 0 0 1 1 1 0 1
51 1 1 1 1 0 0 0 0 1 0 0 1 1 1 1 1 1 0 1 0 0 0 0 0 0 0 1 1 0 0 0 1 0 0 0 0 0 1 0 1 0 1 1 1 0 0 0 1 1 0 1
98 1 1 0 1 0 1 1 1 0 1 1 1 1 1 1 0 1 1 0 1 1 1 1 1 0 1 1 1 0 1 0 0 0 1 1 1 0 0 1 1 1 1 1 0 1 0 0 0 1 0 1 1 0 0 1 1 0 1 1 1 0 0 0 0 0 0 1 1 0 0 0 1 0 1 0 0 1 1 0 0 1 1 0 1 0 1 0 1 0 1 0 1 1 1 1 1 1 0
91 0 1 0 1 1 1 1 0 0 0 1 0 0 0 0 0 1 0 0 0 1 1 1 0 0 1 1 1 0 0 1 1 1 0 0 0 0 1 1 0 0 1 1 0 1 1 1 1 1 0 1 0 0 0 1 0 1 0 0 0 1 1 0 1 0 0 1 1 1 1 1 0 0 1 1 1 1 0 0 1 1 1 1 0 1 0 0 1 0 1 1
66 1 1 1 1 1 0 1 0 1 0 1 1 0 1 1 0 0 1 1 1 0 1 0 0 1 1 0 1 0 0 0 0 0 0 0 1 0 1 0 0 0 0 0 1 1 0 0 0 0 1 0 1 1 1 0 1 1 1 1 1 0 1 0 1 1 0
55 1 1 0 0 1 1 1 0 0 0 1 1 0 1 1 0 0 0 1 0 0 0 1 1 0 0 0 1 0 1 0 1 0 0 1 1 1 0 0 1 1 1 0 1 1 0 0 0 0 0 1 1 0 1 0
62 0 1 1 1 0 0 0 0 1 1 0 0 0 1 1 1 0 1 0 1 0 0 1 0 1 1 1 1 1 0 1 0 0 1 0 0 1 0 1 0 0 1 0 1 0 1 1 0 0 1 1 1 0 1 0 0 0 0 0 0 0 1
67 0 0 0 1 0 1 1 1 0 1 1 0 1 0 0 1 1 1 0 1 1 0 0 1 0 0 0 1 0 1 1 1 0 0 1 1 0 1 1 0 0 1 1 1 1 0 0 1 0 1 0 1 0 0 0 1 0 0 0 1 1 1 1 0 0 1 0
72 0 1 0 0 0 0 0 0 0 1 1 1 1 1 1 1 1 1 1 0 0 0 1 0 0 1 0 1 0 1 1 1 0 1 0 0 0 1 1 0 0 1 1 0 0 1 0 0 1 0 0 1 1 0 0 0 0 1 0 1 0 0 1 0 0 0 0 0 0 0 0 0
74 1 1 0 0 1 1 0 0 1 0 1 0 1 0 0 1 0 1 1 0 1 1 1 0 1 0 1 0 1 0 1 1 1 0 1 0 0 0 0 0 0 1 1 0 0 1 0 0 1 1 1 0 1 1 0 1 1 0 1 1 1 0 0 1 1 0 0 0 0 0 1 1 1 1
62 1 0 1 1 0 1 1 0 0 0 0 0 0 0 0 0 0 0 1 0 0 0 1 0 1 0 1 0 0 1 1 0 0 1 1 1 0 1 1 1 0 1 0 1 1 0 1 1 1 0 0 1 0 0 1 1 0 1 0 1 0 0
65 0 1 0 0 0 1 1 1 1 1 1 0 0 0 1 1 0 0 0 0 0 0 1 1 0 1 1 1 0 0 1 1 1 1 1 1 0 1 0 1 0 0 0 0 1 0 0 0 0 0 1 0 1 1 0 1 0 1 0 0 1 0 0 0 1
70 0 1 0 1 0 1 1 1 0 0 0 1 1 0 0 0 0 0 1 0 0 1 0 0 0 1 0 1 1 0 0 1 0 1 1 1 1 1 0 0 0 1 1 0 0 0 1 0 1 1 1 1 0 1 0 0 1 1 0 0 1 0 1 0 1 1 0 1 1 0
82 0 0 0 0 0 1 0 1 1 1 0 0 1 0 0 0 1 0 1 1 0 1 0 1 1 0 0 0 1 1 1 1 1 1 0 1 1 1 1 0 1 0 1 1 0 1 0 0 1 0 0 0 0 0 0 0 1 1 0 1 0 1 1 1 1 0 1 0 0 1 1 1 1 1 1 0 1 0 1 0 0 1
51 0 1 1 0 0 1 0 1 1 1 0 0 1 1 0 0 0 1 1 1 0 0 0 1 1 0 0 1 1 1 1 1 0 1 1 0 1 0 1 0 0 0 1 1 1 0 1 0 1 1 1
62 1 1 0 0 1 1 0 0 0 0 1 1 1 0 1 1 1 1 0 1 0 1 1 1 0 0 1 0 0 1 1 0 0 0 0 1 1 1 1 1 1 1 0 1 1 1 1 1 0 0 0 0 0 1 0 1 1 0 1 1 1 0
77 1 1 0 0 1 0 1 0 1 1 1 1 1 0 1 1 0 1 1 0 1 0 1 1 0 0 1 1 0 0 1 0 1 0 0 0 0 0 0 0 1 0 1 1 1 0 1 0 0 0 1 0 1 0 0 0 0 1 1 0 1 1 0 1 0 1 0 0 1 1 0 1 1 0 1 1 0
73 1 0 0 1 0 1 0 1 1 0 1 1 1 1 1 1 0 1 1 1 1 0 1 1 1 1 1 1 1 1 0 0 1 0 0 1 0 0 0 1 1 1 1 1 0 0 1 1 0 1 0 1 1 1 1 0 1 0 0 1 0 1 1 1 0 0 1 0 0 1 0 0 1
74 0 1 0 1 1 1 1 0 0 0 0 1 1 1 0 1 1 1 1 0 0 0 1 1 0 0 0 1 0 0 0 0 0 0 1 1 1 0 0 1 1 0 1 1 0 0 0 1 1 1 1 1 0 0 0 1 1 0 0 1 1 1 0 0 1 0 0 1 0 1 0 0 0 1
73 1 1 1 1 0 1 0 1 0 1 1 0 0 0 1 0 0 1 1 0 1 1 1 0 1 0 0 0 1 0 0 1 1 0 0 0 0 1 0 0 1 0 1 0 0 1 0 0 1 1 1 0 0 0 1 1 1 1 1 0 0 0 1 1 1 1 0 1 0 1 0 1 1
97 0 1 0 0 0 1 0 1 1 0 0 1 0 1 1 1 0 1 1 0 1 1 1 1 0 0 1 1 0 1 0 0 1 1 0 0 0 1 0 0 0 1 1 0 1 0 0 0 1 0 1 0 0 1 1 0 1 1 1 1 1 1 0 0 1 0 0 0 1 1 0 1 1 0 0 1 1 1 0 1 1 1 1 1 0 1 1 0 1 0 1 0 1 1 1 0 0
86 1 0 1 0 1 1 1 1 0 1 1 0 1 0 0 0 1 0 0 1 1 1 1 0 1 0 1 0 1 1 1 0 0 0 0 0 1 0 1 1 1 1 1 1 0 0 0 0 0 0 0 1 0 0 1 0 0 0 0 1 1 1 1 1 1 1 1 1 0 1 0 1 0 1 1 1 0 0 0 0 1 0 1 1 1 1
75 1 0 0 1 1 1 1 0 0 0 1 1 1 0 1 0 1 1 0 0 1 0 0 1 1 0 1 1 1 1 0 0 0 0 1 0 1 0 0 0 1 1 0 0 1 1 0 0 1 0 1 0 1 0 0 0 0 0 1 0 1 1 1 1 1 1 0 0 0 0 0 1 1 0 1
90 1 1 0 0 0 0 1 1 1 0 1 0 0 1 0 1 0 1 0 1 1 1 0 1 0 1 1 0 0 0 1 1 0 1 0 0 0 1 1 1 0 0 0 0 1 1 1 1 1 1 0 1 1 0 0 1 1 1 0 1 0 1 1 1 0 0 0 0 0 0 1 1 1 0 1 0 0 1 1 0 1 0 1 0 0 1 0 1 1 0
92 1 0 0 1 1 0 0 0 1 0 1 0 1 1 0 1 1 1 1 1 0 0 0 1 1 0 1 0 0 0 0 0 0 0 1 0 0 0 0 0 1 1 0 0 1 0 0 0 1 0 1 0 1 0 0 1 0 1 1 1 0 0 1 1 1 1 1 1 0 0 1 0 1 1 1 0 1 1 1 1 1 0 1 1 1 0 0 0 1 1 1 0
71 0 1 1 1 1 0 1 1 0 0 0 1 1 1 0 0 1 0 1 0 0 0 1 1 0 1 0 1 1 1 0 0 1 0 1 1 0 0 1 0 1 0 1 1 0 0 1 1 1 0 0 0 1 0 1 0 1 0 1 0 1 1 0 1 1 1 1 0 1 1 1
77 0 1 0 0 0 1 1 1 0 1 0 1 0 1 1 0 1 0 0 1 1 0 0 1 1 0 1 0 1 1 0 0 0 1 0 1 1 0 0 0 1 1 0 1 0 1 1 1 1 1 1 1 1 1 1 0 0 0 1 1 0 1 1 1 1 0 1 0 0 1 1 0 1 1 0 0 0
83 1 0 1 0 1 1 0 0 1 0 0 1 1 1 0 1 1 1 0 1 0 1 0 1 1 1 0 1 1 1 1 0 0 0 0 0 0 1 1 0 1 1 0 1 0 0 0 0 0 0 1 1 1 0 1 1 1 1 0 1 0 1 1 0 1 0 0 1 0 0 1 0 1 1 1 0 0 0 0 1 1 1 1
94 0 1 0 1 1 0 0 1 0 0 0 1 1 1 0 0 0 1 1 0 0 0 1 0 0 1 1 0 1 1 1 1 0 0 0 1 0 1 1 0 0 1 1 0 0 1 1 1 0 1 0 1 0 1 1 0 0 0 0 1 0 0 1 1 0 1 0 1 1 0 1 1 1 1 0 0 0 0 0 1 1 0 0 0 0 0 1 1 0 0 0 0 0 1
83 0 0 1 1 0 0 1 0 0 0 0 1 1 0 0 1 1 0 1 0 1 0 0 1 1 0 1 1 1 1 1 0 1 1 1 0 0 1 0 1 1 0 1 0 0 1 0 0 1 0 0 0 0 0 0 0 0 1 0 0 1 0 1 0 0 1 0 1 0 0 0 0 1 1 1 1 0 0 1 1 0 0 1
65 0 1 1 0 0 1 0 1 0 1 1 1 1 1 0 1 1 1 1 0 1 1 0 0 1 0 1 0 1 1 1 1 1 1 0 0 0 1 0 1 0 1 0 0 1 1 1 0 1 0 1 0 0 1 1 0 0 0 0 0 1 0 1 1 1
94 0 0 0 1 0 0 1 0 1 1 0 1 1 0 1 1 1 1 1 1 1 1 0 0 1 0 0 1 1 1 0 1 0 0 1 1 0 0 0 1 1 1 0 0 1 1 1 1 1 0 0 0 1 1 0 0 0 1 1 1 1 1 0 0 0 0 0 0 0 0 0 0 0 1 1 0 1 1 1 0 0 1 0 0 0 1 0 0 1 0 0 0 1 1
57 0 0 1 0 0 0 1 0 0 0 1 1 1 1 0 0 1 0 0 1 0 0 1 0 1 1 0 0 0 1 0 0 0 0 1 1 0 1 0 1 0 0 1 0 0 0 0 1 1 1 0 0 1 0 1 1 0
92 1 1 1 1 0 1 1 1 0 1 1 0 1 0 0 0 1 0 1 1 1 1 0 0 0 1 1 0 0 0 0 1 0 1 1 0 0 0 1 1 1 1 0 0 1 1 1 1 0 1 1 1 0 1 0 1 0 1 0 0 0 1 1 1 1 1 0 0 0 0 1 1 0 0 1 1 0 0 0 1 1 0 1 1 1 1 0 1 0 1 0 1
55 1 1 1 1 0 0 0 1 0 0 0 1 0 0 1 1 1 0 1 0 0 1 0 0 1 0 1 0 0 1 0 1 0 0 1 1 1 1 0 0 0 1 1 0 0 0 0 0 0 1 0 0 1 1 1
98 1 0 1 0 1 0 0 0 0 1 0 1 1 1 1 1 1 1 0 1 0 1 1 1 1 0 0 0 0 0 0 1 1 1 0 0 0 1 0 1 1 0 1 0 1 0 1 1 0 0 0 0 1 0 1 1 1 0 0 1 0 1 0 0 1 0 1 1 1 1 1 1 0 0 0 1 0 1 0 0 0 1 0 1 1 0 1 1 0 0 0 1 1 0 0 0 0 1
78 0 0 1 0 0 1 1 0 0 0 1 0 1 1 0 1 0 1 1 1 1 1 1 1 1 1 0 1 1 0 0 1 1 0 0 0 1 1 1 1 1 0 1 1 0 0 1 0 1 0 0 0 0 1 0 0 1 1 1 1 0 0 0 0 0 0 1 0 0 0 0 0 1 0 1 0 1 0
55 1 0 1 1 1 1 1 0 0 1 0 1 1 0 1 0 1 1 0 0 1 1 1 0 0 0 0 0 1 1 0 1 0 0 0 1 1 1 0 1 1 1 0 1 0 1 1 0 1 0 1 1 0 0 0
65 0 1 0 1 0 0 1 1 0 0 1 1 0 1 0 0 1 1 0 0 1 0 0 1 1 0 0 1 1 0 0 0 0 0 1 1 1 1 1 0 0 0 0 0 0 1 0 1 1 1 0 1 1 1 1 0 0 0 0 0 1 0 0 1 0
78 1 0 1 0 0 0 0 1 0 0 1 1 0 0 0 0 1 0 0 0 1 1 1 1 0 1 0 0 1 0 1 0 1 1 1 1 1 0 0 1 0 1 0 1 0 0 1 0 0 1 1 1 1 1 1 0 1 0 0 1 0 1 0 1 0 1 1 0 1 0 0 0 1 0 1 1 1 0
60 1 0 0 0 1 0 1 0 1 0 1 1 1 0 0 0 1 1 1 1 1 0 1 0 1 1 0 1 1 1 1 0 1 1 1 1 1 0 0 0 0 0 1 1 1 1 1 0 1 1 0 1 0 0 0 1 0 0 1 0
66 0 1 0 1 0 1 0 1 1 0 1 1 1 1 1 1 0 0 1 0 1 0 1 0 1 0 1 0 1 0 1 0 1 0 0 1 0 0 0 0 1 1 0 0 0 1 1 1 0 1 0 1 1 1 0 0 1 1 1 0 0 1 0 0 0 0
54 0 0 1 0 0 0 0 0 1 0 0 1 0 0 0 1 1 1 1 0 0 0 1 0 1 1 1 0 0 0 0 0 0 0 0 0 1 0 1 0 0 0 0 0 0 1 0 0 0 0 0 1 1 1
100 1 0 1 1 1 1 1 0 0 1 0 0 1 1 1 0 1 0 1 1 1 1 0 1 1 0 0 0 0 0 1 0 1 1 0 1 1 1 0 1 0 0 1 1 1 0 0 1 1 1 0 1 1 0 0 0 1 0 1 0 0 1 1 1 1 0 1 1 1 1 0 0 0 1 1 1 1 1 1 0 1 0 0 1 0 1 0 0 1 1 1 0 1 1 0 1 1 1 1 1
86 0 0 1 1 0 1 0 1 0 0 0 1 1 1 0 1 1 0 1 1 1 1 1 0 0 1 1 1 0 1 1 0 0 1 0 1 1 1 0 0 1 0 0 1 1 0 1 0 1 1 1 1 0 0 1 0 1 0 0 1 0 1 0 1 0 1 0 1 0 0 0 1 1 1 1 1 0 1 0 1 0 0 0 0 1 0
61 0 1 0 1 1 0 1 1 1 1 0 1 1 1 0 1 0 0 1 0 1 1 0 0 0 1 0 0 0 0 0 0 1 1 0 1 1 0 1 0 0 1 1 0 1 1 1 1 0 0 1 1 1 1 1 1 0 0 1 1 0
72 1 1 0 1 1 1 0 0 0 0 1 1 0 0 1 1 1 1 0 1 0 1 0 1 0 1 1 1 1 1 1 0 0 1 0 0 1 0 0 0 0 0 1 1 0 0 1 1 1 1 1 0 0 1 1 0 0 1 0 0 0 0 1 1 0 0 0 1 0 1 0 1
76 0 0 0 1 0 1 0 0 0 1 1 0 1 1 1 1 0 1 1 1 0 1 1 1 1 1 0 0 0 0 1 0 1 0 1 1 0 0 1 1 0 0 1 1 0 1 1 1 0 1 1 1 0 0 0 0 0 0 1 0 1 0 1 1 0 0 1 1 1 0 1 0 1 1 1 0
85 0 0 0 1 0 1 1 0 1 0 0 1 0 0 1 0 1 1 0 1 0 1 1 1 0 0 0 0 1 0 1 1 0 0 0 1 1 1 0 1 1 0 1 1 1 1 0 1 1 0 0 1 0 0 1 0 0 1 0 1 1 0 1 0 1 0 0 1 1 1 0 1 0 0 0 0 0 1 1 1 0 1 0 1 0
60 1 0 0 0 1 0 0 0 0 1 1 1 1 1 0 0 0 0 1 1 0 1 0 1 0 1 0 1 0 1 0 0 1 0 0 1 1 0 0 0 1 1 1 1 1 0 0 0 1 1 1 0 1 0 0 0 1 0 0 0
95 1 1 0 0 0 0 1 1 0 0 1 0 0 0 1 0 0 1 1 0 1 1 1 0 0 1 0 1 1 0 0 0 1 0 1 1 1 0 1 1 1 1 1 1 0 1 0 0 1 0 0 0 1 1 1 1 1 0 0 1 1 0 0 1 1 1 1 1 1 0 1 1 0 1 1 0 1 0 1 1 0 1 1 0 1 0 0 0 0 0 1 1 1 0 0
64 0 0 1 1 1 1 0 1 1 1 0 0 1 0 0 1 0 1 0 0 1 1 0 1 0 1 1 1 0 1 0 0 0 0 1 1 0 1 0 1 0 1 1 1 1 0 0 1 0 1 1 1 0 1 1 1 1 1 0 1 0 1 0 0
52 0 0 0 1 0 1 1 0 1 0 0 1 1 0 1 0 1 0 0 1 1 0 0 1 1 1 1 0 0 0 1 1 1 0 1 0 1 1 1 0 0 1 1 1 0 0 0 1 1 0 1 0
57 0 0 1 1 0 0 0 0 1 1 1 1 1 1 0 0 0 1 1 1 0 0 0 1 1 1 1 1 0 0 0 0 0 0 1 0 0 0 0 1 1 1 1 0 1 1 1 1 0 0 0 0 1 1 0 0 0
99 1 0 1 0 0 0 0 1 0 1 1 0 0 0 0 0 0 1 1 0 0 0 1 1 0 0 0 0 1 1 1 1 0 1 0 0 1 1 0 0 1 0 1 0 1 0 0 1 1 1 1 1 1 1 0 1 1 0 0 1 1 0 0 1 1 0 1 1 0 0 0 0 1 1 0 1 1 1 1 0 0 0 1 1 0 0 1 1 1 1 0 0 0 0 0 0 1 1 0
50 1 1 1 1 1 0 1 0 0 1 0 0 0 1 0 0 0 1 0 0 1 1 1 0 1 1 1 0 1 0 1 1 0 0 0 0 0 0 0 0 0 0 0 0 0 1 1 0 1 0
52 0 1 1 0 1 0 1 1 0 1 1 1 1 1 1 0 1 0 0 0 0 1 0 1 1 1 1 0 0 1 1 1 0 1 0 0 0 1 1 0 1 0 0 0 1 1 0 1 1 0 1 0
84 0 1 0 0 0 0 1 1 1 0 0 1 1 1 0 1 1 1 0 0 1 0 0 1 1 1 1 0 1 0 0 1 1 0 0 0 0 0 0 1 1 1 0 0 0 0 1 1 1 0 0 1 1 0 0 1 1 0 1 0 0 1 0 0 0 1 0 1 0 0 0 1 0 1 1 0 0 0 1 0 0 0 0 0
99 1 1 0 1 0 0 0 1 0 1 1 0 0 1 0 1 1 0 0 0 0 1 0 0 0 1 1 1 1 0 0 1 0 1 1 0 0 1 0 0 1 1 0 0 0 0 0 0 1 1 1 0 0 1 0 1 0 0 0 1 1 0 0 1 1 1 0 0 1 1 0 0 1 1 1 0 1 0 1 0 0 1 1 1 1 0 0 1 1 1 0 1 0 0 0 0 1 1 0
