10000 720 31
1
2
2
4
1
1
7
1
8
4
6
3
7
7
11
14
4
2
13
16
5
2
15
24
12
26
11
19
15
27
18
32
24
33
24
30
17
10
30
33
37
37
18
35
36
39
16
23
32
13
39
38
18
46
3
37
38
44
16
28
1
62
35
20
24
20
21
17
45
54
23
59
49
26
66
31
58
63
29
10
23
38
44
43
52
56
39
43
83
35
17
10
47
43
91
6
53
83
41
48
81
51
102
16
40
71
26
51
62
31
107
14
12
89
102
49
39
79
36
66
51
96
47
65
41
71
43
75
93
121
112
28
90
108
126
16
76
56
41
137
114
86
16
20
91
23
133
75
92
59
143
97
5
77
109
97
19
54
59
99
128
120
135
147
55
160
139
130
98
10
104
149
146
100
116
36
37
20
126
70
37
49
166
31
76
154
171
51
45
4
90
2
20
94
165
156
37
45
102
71
152
137
146
114
136
173
168
78
91
75
9
21
64
83
21
90
171
151
204
177
119
160
94
85
222
224
193
104
227
49
53
17
11
154
105
219
166
12
75
107
163
119
108
79
55
216
122
129
141
194
156
196
109
141
127
171
197
135
129
41
239
157
87
196
262
189
40
238
6
221
258
184
80
16
23
225
269
259
98
193
60
203
52
257
90
235
68
125
192
27
174
218
272
122
118
279
32
75
223
185
212
199
146
107
46
82
20
37
243
64
187
161
192
308
300
57
96
69
104
59
41
20
91
11
72
191
203
13
318
233
132
116
256
283
24
18
150
140
265
297
83
172
128
330
211
169
27
243
228
325
233
298
151
27
107
61
294
39
243
254
34
155
344
296
260
230
60
348
179
96
302
300
152
176
352
272
49
83
187
243
46
350
68
284
288
50
205
259
146
152
227
110
119
164
349
262
268
145
78
97
373
209
29
61
352
88
351
157
1
351
151
123
314
275
214
399
254
154
129
170
326
413
2
377
382
415
143
213
152
160
223
341
414
392
351
418
107
69
144
135
299
67
161
32
338
84
241
100
188
401
117
255
387
311
401
26
288
250
246
185
320
171
272
220
312
32
50
445
364
403
17
360
31
292
37
390
335
226
348
342
165
180
23
427
387
359
394
383
54
111
305
201
238
119
439
63
1
493
321
268
478
291
35
163
262
205
263
503
278
145
49
338
197
145
453
165
287
436
84
113
109
361
298
194
130
405
110
214
496
519
356
120
401
149
444
226
399
512
46
88
300
124
473
173
425
198
68
435
421
88
345
539
515
33
199
514
137
173
459
52
286
455
29
563
154
308
80
542
170
18
360
478
161
258
484
238
395
187
384
166
339
49
446
171
245
557
243
450
578
316
164
387
535
318
175
26
301
19
306
535
51
453
360
582
83
109
351
314
44
454
460
341
25
442
55
133
495
65
226
421
329
194
136
283
217
140
334
588
108
46
383
264
123
589
231
131
158
13
145
34
244
376
491
156
505
425
556
614
168
160
570
133
199
498
133
112
97
101
478
365
216
451
50
179
453
200
362
391
65
150
510
606
87
3
614
560
233
657
139
120
515
189
451
297
187
175
68
171
269
221
148
655
647
250
569
204
98
596
511
439
40
367
59
396
398
368
108
457
173
525
546
59
285
75
657
679
594
28
446
291
287
539
540
398
29
717
702
98
659
138
216
418
718
378
575
480
696
196
115
157
472
693
492
78
245
602
380
232
593
581
573
488
361
285
26
376
202
376
61
617
592
757
465
629
535
664
392
71
610
442
239
54
335
160
287
523
187
375
159
265
685
31
532
131
298
557
766
597
110
459
185
550
267
333
328
409
411
378
621
413
331
224
642
764
349
201
92
351
517
568
565
345
584
580
259
187
318
733
31
180
381
106
190
421
595
587
343
372
440
74
482
117
88
608
805
14
599
134
234
372
662
283
273
392
8
488
521
410
402
681
455
393
269
457
226
719
266
283
703
582
781
6
104
561
241
401
628
420
792
20
195
742
272
422
297
742
108
495
284
337
30
376
56
153
332
687
287
457
718
296
596
296
840
135
713
524
784
250
684
506
91
693
437
205
232
572
872
684
241
539
626
866
641
121
371
707
831
15
175
610
268
697
900
768
156
603
315
864
312
508
114
609
8
508
773
108
482
781
919
882
665
702
420
780
466
255
522
287
510
548
202
395
452
893
597
102
550
184
673
748
6
411
708
751
450
453
291
603
882
337
583
90
574
698
50
458
789
168
248
823
199
311
830
649
22
830
680
32
386
182
888
734
656
527
341
475
173
839
664
733
383
388
673
798
797
125
420
480
533
408
295
331
29
628
219
120
877
87
1003
498
400
550
137
650
634
75
630
28
970
48
693
1018
3
851
842
750
942
474
518
394
428
48
369
73
991
672
809
220
598
764
477
729
419
396
847
30
514
870
310
242
341
776
313
465
746
425
364
106
68
474
796
178
1046
24
986
212
77
847
588
42
939
659
67
848
8
41
448
487
1048
352
374
223
678
810
1054
34
467
235
927
559
62
610
712
640
735
1028
996
297
760
572
845
110
155
247
168
311
693
338
1015
87
60
70
723
622
418
284
121
628
952
811
429
132
569
211
826
718
884
827
140
412
147
575
92
10
180
158
94
682
232
575
966
105
1084
682
162
384
1019
310
806
300
217
896
478
904
988
474
964
1095
428
11
1027
619
1033
1037
420
1144
260
327
289
8
280
460
696
779
945
1127
445
283
192
222
832
519
520
354
202
514
795
181
935
252
17
870
155
682
353
752
662
798
1136
107
430
579
1207
961
1065
1097
920
868
474
14
503
1100
367
931
770
556
1165
326
1209
798
671
947
7
1213
826
1057
664
596
57
1129
625
666
779
1195
675
195
823
1073
628
879
216
872
613
872
1075
281
1207
784
606
820
199
1006
1158
479
1145
1228
595
642
803
436
286
1052
149
1011
330
392
779
1158
703
398
321
414
923
215
619
244
838
443
122
256
1101
746
169
528
456
720
1210
578
278
128
1230
453
975
783
1077
1283
468
1012
597
848
826
699
1072
1099
199
999
164
541
848
226
555
643
10
828
92
402
723
981
245
521
821
487
916
27
809
737
936
1282
331
381
1276
136
707
1107
391
1022
1048
549
437
207
618
1229
593
53
317
157
952
1198
392
552
78
848
966
929
195
958
1099
1214
638
828
372
964
1066
282
1257
1195
1110
930
386
1322
1149
227
436
418
2
1064
911
919
77
515
1082
376
468
305
539
1393
1006
933
559
519
1384
1310
604
828
558
1056
1142
907
380
242
1002
1349
687
1135
403
313
932
45
191
480
982
689
1110
530
1191
1057
156
631
1051
421
870
6
193
1418
121
438
562
1332
932
394
660
157
333
964
718
996
1077
436
1302
1079
576
228
488
1325
427
809
590
203
230
993
907
672
1004
641
858
703
741
511
892
391
171
444
602
1204
976
862
795
777
324
864
1331
601
1092
574
543
1274
1162
458
405
171
1153
1047
170
1398
896
903
1043
839
269
239
504
158
496
1128
62
1257
843
469
991
1039
920
1283
1007
654
302
380
72
1301
290
382
1218
1414
746
747
813
1292
337
467
945
361
1075
429
474
259
251
279
877
814
370
320
223
1279
85
1398
1175
1017
190
593
930
1464
687
729
1080
460
734
525
430
281
1005
1108
779
794
119
430
494
1277
917
1250
726
403
559
110
1265
983
1561
513
1217
121
479
730
243
719
790
845
156
942
672
878
565
1477
200
71
252
510
292
65
502
319
592
745
767
1401
1557
658
1274
1032
371
170
1033
917
681
482
1467
130
736
443
703
727
1569
1600
620
1418
462
1174
39
130
1366
988
994
1106
1422
471
324
1241
1368
1193
720
821
794
1503
1445
250
602
715
7
515
1017
1317
1019
1608
1464
1170
231
1382
1121
1157
365
759
1404
33
501
1580
454
118
1400
474
552
683
1044
724
252
145
916
439
296
467
135
1308
1035
323
271
1175
937
295
452
1138
1141
259
645
43
1513
1328
856
1243
346
178
385
1068
350
1404
1200
1254
431
847
1239
541
533
1458
1110
1665
852
1531
1568
131
1609
1356
1619
334
878
761
809
1624
141
1653
1371
1409
1080
1021
766
1728
991
308
1648
570
194
914
1512
1553
58
1038
1696
681
1118
1665
1722
498
1195
17
1559
1675
928
1026
1581
1374
136
1659
484
307
1567
879
808
1451
1378
234
190
611
1384
712
499
1132
894
1302
738
1009
700
1189
119
1232
1429
303
16
1725
1444
1628
1617
891
551
1699
1720
1684
1138
462
232
254
1573
768
648
939
752
587
22
862
318
912
938
385
1238
1404
1245
1553
1639
127
379
1806
1713
851
283
1575
329
562
1140
485
1310
1370
860
640
541
447
1224
466
944
862
1707
925
1498
184
1150
657
1388
293
1128
842
1394
456
1166
563
1311
282
1396
1083
120
140
1426
1259
457
427
1203
76
874
1777
387
1245
1550
1702
85
33
588
1664
645
786
1472
542
40
945
509
1505
115
830
1442
196
1860
1524
755
7
458
985
478
357
1649
941
191
1872
394
1104
258
1389
1631
970
498
1628
1288
1655
1795
1826
353
817
1501
636
683
334
1009
864
356
1403
786
1875
1711
1686
1466
134
1891
268
1813
838
1378
1728
1691
1149
1469
1559
62
710
316
352
1633
1729
160
532
1370
1886
690
1822
1505
554
266
827
1242
1913
454
1606
485
169
1484
433
755
91
1469
1680
1349
339
1623
1193
1397
1250
338
867
1538
640
92
336
822
976
516
31
1754
1973
1411
260
1086
1408
1474
900
1772
763
744
539
1489
4
591
283
1177
1910
954
381
407
1325
1614
1856
1038
153
1878
1499
1213
832
213
309
1209
1538
1596
493
177
1275
766
154
746
1799
124
193
1866
1012
92
529
1408
670
487
65
1486
470
30
904
798
319
1815
1796
1604
649
1862
77
380
1384
2017
926
1310
7
686
1585
30
1868
1737
401
165
196
2027
57
170
665
1199
663
706
1038
340
1039
1649
1293
588
1563
645
907
147
34
1776
464
1629
452
1326
1099
1122
1539
533
218
1145
1614
973
1842
636
1907
767
1814
781
855
240
1598
1016
968
1598
972
274
1220
2096
1205
1228
460
2071
2096
628
1044
965
184
281
233
1499
787
612
795
351
1092
1874
652
934
718
206
1651
1827
640
546
1922
1067
364
438
1194
1381
1872
1568
1420
1065
1147
1610
910
2124
1805
77
1441
1548
393
938
952
240
1147
639
1422
948
680
940
834
1096
884
1161
1259
1905
1757
1399
1860
1403
1884
2129
1896
202
59
1106
2137
1915
170
2110
1756
1924
1138
885
1426
790
947
295
281
16
1946
470
1411
1904
2158
1072
330
1437
742
1030
567
868
371
688
2077
805
1352
1910
1896
1266
1092
1032
877
1005
1839
1867
2143
892
1006
592
452
1649
1316
1296
2200
286
971
2029
1084
869
130
1303
1476
348
1156
1603
2127
1232
217
2179
358
2153
102
1865
574
1675
454
649
1638
240
1378
857
1004
2095
1447
1156
1645
468
497
203
1216
1031
1485
1441
381
28
1183
268
366
6
895
39
1751
68
1190
2172
701
317
277
2146
2199
2122
1205
386
1037
1813
1488
818
1072
1127
630
1598
2260
2250
1064
1688
1075
1109
942
1150
1498
551
952
518
345
1497
1530
1130
2013
1180
2173
2196
319
758
696
621
1607
1750
1241
1592
308
2154
2258
731
635
239
1857
1827
1915
2073
2035
1720
1407
1895
874
1920
1981
1400
1215
944
934
1176
833
1001
1616
1090
806
983
1787
298
1239
621
1582
2215
98
2197
1018
1530
684
1079
417
1215
1739
175
630
100
104
256
1427
1672
1470
159
618
1292
179
162
1670
1844
492
1250
496
135
76
1020
2189
979
1016
919
2355
2050
613
1094
383
2067
878
339
562
1734
1288
777
1507
2256
321
1963
1442
2242
763
2055
716
1182
2
1649
2127
807
177
1896
2170
453
2221
750
231
752
284
1809
1477
853
549
1841
2163
2205
430
2237
859
2258
2411
1364
106
1561
213
799
142
200
1137
17
642
1713
1973
442
1144
1248
1009
794
2069
599
341
1734
2207
1719
407
363
1945
302
109
2149
1336
2212
2450
2219
2412
2249
1317
1077
36
957
1391
117
2236
2056
1193
1536
546
1597
48
2099
2148
1541
1503
1130
2156
67
1532
452
1588
292
2411
2255
1708
1105
2424
247
325
622
18
2268
1547
703
1014
324
462
1341
783
56
232
1189
866
2447
391
1352
92
2410
314
883
1710
1895
13
997
1855
619
1968
921
509
1860
490
554
2239
952
1345
277
1587
947
776
1476
1173
587
2352
2511
1036
903
1886
1131
2117
1311
1385
469
2474
2099
1079
173
178
1909
1851
41
1585
2222
2366
1818
1297
1286
1711
1124
1286
966
832
2395
190
1691
1899
2301
1707
2518
704
1081
2446
1502
1354
1530
124
1667
2267
1691
141
2074
2312
1457
2451
50
44
1832
1212
2180
1690
2293
1875
526
264
695
1104
2136
1806
275
1051
1896
1058
1389
897
938
993
431
2423
2
492
346
1766
622
934
1568
290
2047
120
207
998
2347
1664
1042
1620
2068
2255
1537
819
1279
1036
978
2030
632
2400
1635
1945
2172
1710
2046
508
879
2348
1003
2416
123
260
1666
1711
1074
1767
1585
64
83
402
1355
1773
1614
1319
924
328
2112
724
416
202
781
1735
309
1508
600
2561
778
2119
2315
622
1978
556
897
1095
2657
2620
1413
1245
2656
1629
2239
164
970
1979
2463
1769
773
1127
2328
2154
1133
1585
1446
678
300
1604
2062
1634
1702
1514
1787
1667
829
2074
871
623
538
2382
1209
1773
1096
332
1021
2287
1551
2268
1883
567
2246
620
110
2487
1077
650
289
2065
2169
145
2108
813
946
621
920
2212
1520
1149
2565
1992
952
5
244
554
2457
161
1182
1799
2747
517
1800
2120
2544
1369
95
295
67
1224
1596
1537
1506
756
2215
1079
1441
1418
1440
1182
2496
2203
549
284
1103
1502
313
2475
636
1808
1093
289
2322
45
198
257
1667
1631
1608
222
487
423
450
1045
59
209
2065
2253
762
135
217
2397
2590
968
1332
606
2246
1126
757
2692
78
604
2536
319
904
543
1042
1208
1750
2407
901
1286
1177
1595
2231
2277
2671
2768
2416
2283
2820
1644
2097
1867
356
29
1241
341
347
2260
1433
2305
1822
1704
95
2133
2203
2141
1600
2485
843
2560
1507
2573
2570
212
805
2511
2126
1863
2736
833
1569
2809
833
701
2665
2706
1008
2787
466
2463
1890
113
696
706
2273
917
797
80
1422
1823
2206
2514
2272
280
2011
301
2020
383
2689
1678
785
2624
1303
767
2128
1120
2128
792
1209
289
1415
1198
1916
538
155
1717
410
2525
678
793
2862
149
781
178
958
2407
2346
286
2351
956
717
2203
1488
2211
517
466
2601
2054
2854
1926
599
1435
872
1002
1965
866
1246
2899
2074
989
2379
2473
2166
1269
726
2214
745
504
993
183
869
300
341
2694
660
225
2781
1278
1388
834
2835
559
1593
2804
1924
1700
697
2730
34
2858
291
2495
812
431
986
2495
2859
123
2805
1879
2759
2403
2775
1987
794
855
2321
471
953
1639
2285
2557
2828
1554
1178
106
2954
1137
2893
439
1028
586
2909
1394
163
124
2620
2036
1280
2885
2699
1079
810
2908
1817
959
2721
1085
1361
2584
265
1013
2034
580
1947
2123
2148
1245
1615
589
338
1503
1457
2879
2340
2048
1459
781
200
1141
690
2800
2926
505
1525
2485
2872
252
1544
2120
2084
2017
1464
1457
3026
1438
2381
653
1410
1382
364
2494
2801
1748
2170
1705
740
1341
2077
2023
2016
2450
1212
3003
2699
913
70
53
2507
1959
1163
569
1117
2070
317
2222
2587
438
2911
1632
1055
638
1827
1421
1405
2168
2456
2850
1415
552
2104
1536
577
2782
1952
1433
728
2564
3010
2048
361
1759
2946
1620
1911
210
2009
680
2668
945
1158
2950
2919
493
181
1238
1535
2642
2504
1032
1270
1936
2642
1297
2128
2527
1575
52
1072
2579
35
2365
2271
1878
1434
2881
1707
1617
676
1392
2912
113
316
2422
1218
268
2780
404
1579
474
2712
2787
2668
123
1993
138
468
115
763
2671
85
1005
3006
1974
2126
909
773
2698
2252
2674
803
2576
2713
1513
1745
2143
2782
2903
2636
700
2580
153
1201
1451
1128
48
778
538
1674
2718
1838
1192
1703
2308
2160
353
2675
2330
2809
2326
2303
2872
2680
737
34
3103
2134
384
1916
1020
948
161
2732
1499
998
1167
555
1455
678
1262
2672
2620
910
709
2294
2931
2952
3206
2998
198
2819
168
901
43
2490
904
1044
2561
1851
2002
2067
2370
1703
1225
2452
161
3224
1295
1378
62
1066
3201
1787
3111
355
2500
3210
1439
1093
441
2040
844
2251
2444
822
2889
3281
521
1569
1434
1425
1839
1930
2455
158
2641
471
93
1344
2459
1739
2653
1693
634
2216
79
22
1355
369
1314
2791
494
1508
590
969
230
2499
115
817
1084
1863
1786
1556
1594
177
1906
1082
3139
3072
2656
944
796
635
36
3234
141
317
1809
1156
1088
1317
1220
1145
2134
639
2941
312
1716
1695
1165
497
2276
2108
429
1836
458
2439
1097
2138
1794
1745
1267
1279
1013
3274
2288
1756
3291
2301
185
1155
3346
3162
1882
2488
1464
22
2520
2684
1445
2879
322
2453
1546
260
2905
2417
2442
1177
1320
1187
665
1213
3304
1645
3385
2005
1360
80
2412
695
3395
1064
3128
658
430
1189
166
3367
995
2283
1407
2781
1587
2477
497
854
1380
3199
1832
2467
2303
2727
687
3129
3178
1287
337
1221
12
2220
140
2258
2763
1590
949
29
2181
1312
305
3083
95
306
1681
2632
992
368
1694
1369
2472
2218
466
2693
2845
752
562
1177
2116
3173
1577
2692
2155
1670
3153
1782
2896
2570
1556
254
100
622
1191
790
1944
3182
2698
3288
1496
2991
2175
2235
1807
2429
1173
3401
1239
1113
1658
1269
2409
2675
2320
1764
2478
2220
2861
2730
2828
249
1523
2520
2427
2307
284
788
593
2268
3295
456
2428
1209
3277
1958
2029
2147
1051
2523
1804
466
449
2468
1219
2397
3252
3185
2643
1690
3358
2870
2280
2357
2363
291
1838
2178
615
977
223
2453
185
830
996
1795
732
282
2352
2659
537
2999
1985
2277
1207
912
1626
2259
133
1492
1641
1584
447
2497
3132
1939
1037
2592
1756
3292
1179
159
1599
3475
2253
2089
2365
1464
2232
2365
2262
2404
2821
3304
2352
2221
2284
2890
3126
3199
2014
3497
2970
2600
1496
2931
3222
2862
2629
2926
3373
2489
2302
1421
891
2616
2890
965
1674
2197
1975
299
1541
3276
1647
1491
639
1198
1936
185
737
2817
2296
2427
1532
1072
2059
2393
758
2385
3509
3010
894
358
1055
1793
2381
3204
2808
1409
2520
1327
3446
1333
2109
2234
2245
1663
2570
1947
3021
331
3504
3022
2281
239
2598
1412
2444
1450
2708
1705
1327
1529
2901
3555
3245
581
2876
1828
1841
2086
209
1969
1711
1393
1665
1160
3088
1765
1462
764
855
2426
3000
2948
738
3255
830
2487
2188
1425
2373
2563
3575
1584
2744
220
1363
3188
3350
3507
878
1840
2494
2495
1750
3642
333
3114
2784
200
3055
2981
2262
28
101
1586
1303
714
1591
2225
166
607
1716
668
399
1215
1955
3655
3016
37
1731
2011
1673
1652
2241
822
3347
1023
1557
1396
836
3355
1635
3695
1425
1230
3500
127
2639
923
363
1145
2001
1577
1751
87
2876
1103
784
2335
2709
673
2311
2603
1475
2149
2049
123
1322
1401
695
1405
3321
445
1421
456
3408
3227
591
1499
2928
3499
3124
2257
1613
1156
94
3728
27
1164
599
1258
3210
1877
96
2651
2704
1118
145
1310
182
181
2893
1868
963
2657
3553
155
2239
3336
462
1828
2776
3110
389
2149
166
607
3049
219
247
158
3026
2656
2787
1231
2263
1687
3257
653
2586
2811
3072
3308
3220
2481
2869
3778
207
1001
2208
1209
1830
1733
3803
3606
1721
1835
3497
2755
1403
1765
2110
3397
1314
2207
1841
989
457
2937
3846
2523
3045
1150
3232
804
1298
23
3234
746
2040
2594
2842
837
2126
2501
965
2362
1907
1849
1575
2646
1686
2240
1851
793
1908
1404
1125
495
1635
2703
1813
637
1227
385
1125
2976
2839
2993
2880
3289
1530
2256
2531
2246
1466
673
521
1077
1851
3801
1932
1975
2188
3432
964
223
2391
1140
1271
1293
2056
1871
3450
3485
1528
303
3424
180
555
3041
3343
1537
3782
1451
2661
3589
2087
3573
1127
584
1430
2372
915
3572
1313
548
1054
2857
1242
706
394
2863
3454
660
1505
945
2430
404
725
3066
130
416
2523
2520
2709
2633
319
1293
68
1023
1486
1712
2211
1923
821
3792
2067
2812
141
458
2572
2554
3318
3758
3218
1722
136
79
3192
1193
1394
573
1665
1189
3110
1452
1017
1061
3352
2619
2361
1583
3284
1327
1303
3537
770
2264
1712
2554
3742
1206
3085
2462
1005
1927
3018
3461
1211
377
1416
110
2860
1911
694
799
2744
2229
2468
3586
2916
3551
4008
282
3468
114
301
3700
932
809
2833
937
2622
3265
592
583
3237
2468
797
1935
1779
1218
2518
1265
216
112
3833
889
1945
1374
4051
581
1017
3786
410
57
205
320
1326
2540
3942
488
3229
1880
2263
1407
1281
3327
231
3947
2134
1235
3842
295
383
371
3815
1227
1577
3813
3728
609
2586
2965
2213
1130
4042
3880
2178
2423
2573
3347
1284
1305
2740
3187
2364
3786
2825
2259
2758
3191
1360
1139
2146
4084
1246
1414
267
2190
793
5
11
145
3
738
446
1065
2275
1113
2959
1782
2377
2487
3977
1004
470
3443
4092
3669
680
1853
1716
862
2348
989
1954
649
562
762
1151
1987
2322
383
3993
3904
3648
621
3547
2613
1148
2762
2410
14
1506
505
3951
2622
1856
2013
438
3635
3400
3357
3260
3254
3847
313
985
2511
2166
3522
1209
276
3685
420
255
960
657
582
685
4042
3387
2879
2064
2196
727
3386
887
792
235
3221
1788
781
2390
125
3737
2840
2104
2915
1881
2130
3202
1388
3404
215
2446
261
4102
2523
3586
1949
3025
946
3589
4064
1081
2
3721
2256
1067
4122
1531
1172
3115
1288
3712
1520
101
2328
295
959
3712
2595
3859
1224
1854
1138
1822
1306
1779
3234
2996
1148
581
3857
4173
266
265
3371
703
4251
2775
1990
3231
4217
415
3847
210
3852
2845
3542
2942
3336
3715
1463
555
2419
2114
2975
3780
1592
1759
1661
271
321
1270
2182
1378
1984
3181
3697
1567
16
1522
1101
3939
244
2435
1354
2751
2410
3608
148
3662
4227
3474
2088
806
4113
3371
2554
628
1118
1818
1916
3272
1973
3943
4103
4050
1236
4273
4099
2267
3009
1642
736
3875
4220
739
2900
1045
1670
1989
3438
2173
2755
3790
3315
365
4298
2487
2564
3583
2907
924
2183
1946
3794
408
1970
2525
3427
2086
1235
1717
3334
1702
67
1410
2939
4164
2123
1879
2852
2577
532
3914
929
2571
4070
950
410
4269
2045
2944
394
1285
2763
2550
1282
1845
3554
883
2957
2707
382
2183
1761
1868
2131
4128
2776
2847
834
121
740
4088
271
2616
227
3704
1027
3527
1475
623
1254
71
1827
2762
3063
1800
3971
3978
1001
248
3310
2999
3581
107
1825
329
3402
2812
730
636
290
1052
3152
3625
782
1489
2227
3612
3644
662
108
2154
3597
630
2028
1380
4051
4066
1344
23
2442
3080
2563
3372
1906
4155
1035
2961
2746
1616
1459
3844
2426
1774
3064
2469
1996
2861
4111
2824
2077
444
2937
3628
383
115
2695
3178
2643
1808
1162
668
2862
4052
2768
1416
185
3055
1196
4088
3362
1190
2161
4124
4057
1334
2106
1890
48
3671
224
3965
1320
2376
4343
1733
3573
1549
2025
111
2718
2806
2472
3661
2126
3755
1935
311
2229
4150
723
72
1755
3560
2499
1975
2637
37
4166
3799
3372
1870
1132
4025
4485
1170
169
2620
1138
3295
388
2012
3773
4086
1859
4029
255
2085
4201
3246
3306
1705
530
2612
3109
1249
4201
2377
1984
3762
3811
1380
2164
514
1914
1693
3884
113
3798
1828
1650
3121
1413
4
1210
38
4209
990
3691
974
936
4234
3384
2897
2123
833
836
2698
3915
2988
1992
3682
1055
3027
1350
3369
1237
198
2990
3895
3808
4105
406
3887
3807
78
4185
2135
3784
1899
3257
633
2829
2990
4570
1757
632
722
323
363
4416
2320
3658
89
20
3861
2954
1160
1447
1040
3208
3238
88
4350
1038
3659
3455
275
4058
1960
3925
3482
1893
2453
1470
893
59
500
2995
3750
2607
3436
3495
1621
2466
3462
2735
3484
1983
3873
2487
1325
3108
668
1079
958
413
101
539
3874
3481
1806
3317
2165
3036
3583
3292
4520
4050
3592
1418
3040
3259
1313
157
1828
191
1114
2657
4233
2271
4063
535
4308
3224
1678
3251
3165
2085
627
936
3491
1890
3129
1674
1406
1540
3610
2682
4532
886
543
4155
1364
1675
4092
3198
589
245
4551
846
3776
1176
284
4696
3657
3188
538
1631
4485
2376
4695
2023
742
3017
3920
2333
1606
3827
4639
942
906
3552
1826
4153
1747
340
1218
4253
1909
1980
2305
2304
740
4083
1273
3388
76
1238
4236
4467
1791
2670
85
966
614
3675
4417
3003
3191
3492
1680
379
4759
2997
363
4564
1950
4294
2833
3998
1912
703
3297
3953
163
2777
1283
4670
3839
4699
1111
4332
2371
3932
2140
1704
3989
4324
255
4607
2230
319
3361
192
4536
12
3387
1453
4714
4226
1954
553
1526
4455
4273
3074
1050
3944
4232
1511
3047
3347
780
328
4161
1527
3004
1659
3579
2431
200
1904
2877
2361
1596
3469
904
3291
3710
415
1678
1749
4448
1553
142
1284
4577
2934
2459
332
2050
2781
4178
845
4233
2546
1130
1505
4828
3659
4529
2411
1489
4195
1050
2452
4102
3663
3829
1878
1794
568
3345
1106
1611
4286
3822
3246
2833
2134
2029
3635
2389
3278
3006
4837
2149
2830
920
1514
3873
4177
1224
218
1982
2948
172
4164
3127
3509
2921
2432
248
304
451
119
700
2863
1986
3523
4335
3339
4629
4816
1797
2344
2082
1202
699
2200
4885
1199
1372
2580
3420
4086
2001
2436
1573
4791
4698
329
4456
1
3481
3671
178
788
4000
2776
1273
1259
2229
802
3293
4238
2098
1764
2523
775
1523
469
3633
3932
4773
4668
4062
3651
3952
4614
2824
3852
2598
4226
4851
1018
931
1810
3066
2188
2199
4827
4005
3765
1550
4141
4286
1704
4743
1654
1720
3932
3046
2105
803
2535
3248
4553
603
2639
4881
3634
2997
349
4321
2947
3166
1108
3375
1101
1326
1315
4338
700
2679
1862
376
4550
2156
2485
1448
3081
3960
1741
322
966
2700
2032
2362
2604
2611
3887
4622
4880
1576
4901
4591
985
1549
2292
4917
4812
824
1967
409
2810
2945
2507
215
733
4807
3169
4659
1819
2795
4291
1781
715
1384
3790
1636
3703
4433
3169
264
4495
2959
1055
1907
4935
1284
553
1168
2364
453
4385
2386
2137
4963
2908
4557
3078
3811
251
3578
4715
937
2057
4753
3643
3994
987
4699
1605
4723
4775
1527
2189
5034
4806
3336
3088
4704
3779
4675
2469
1052
981
4459
4374
3006
4211
100
3922
4005
4334
4720
57
1663
2715
2768
1673
1611
4908
4436
510
3025
3959
1420
4452
3029
3816
898
1312
3711
626
102
554
1663
4306
2277
1409
2625
4911
2363
3371
4726
424
827
1199
5070
2623
3143
1175
3885
3094
953
458
2727
1859
2814
1101
617
1185
4479
876
2544
4384
3259
1770
1903
819
4620
3286
2056
3860
3058
1099
4633
1233
4789
3964
3120
2808
1257
5026
3801
578
537
3289
200
4408
211
3843
5136
1897
4768
2247
3271
4625
3893
696
2820
2012
3986
311
4380
3937
2556
410
1552
4298
5198
37
3134
4078
2984
2522
1578
1005
4510
468
3948
5117
1072
1391
2027
4278
4433
4267
2223
1249
1345
1750
606
4889
2200
1840
746
1143
3747
3830
5022
4861
3419
1620
1377
2759
2507
1769
2187
2038
2892
2592
2047
1244
1785
3505
1729
3433
2513
5206
4861
3940
1560
760
2860
4643
31
2881
1344
1262
1123
3241
69
4298
3896
875
1830
2630
2187
4848
1388
325
1976
3933
1079
279
2259
411
817
1021
3719
1842
515
1382
5046
4916
4119
5042
3072
5076
2815
3935
1012
4366
2223
1447
2720
3026
2530
2214
5110
2911
1184
3896
1974
1316
4146
2288
2407
1290
4894
3768
3995
2983
5278
5290
4022
3731
4696
256
3430
2556
3062
2473
1587
3853
923
5042
2663
968
3562
1294
431
3903
1268
4535
2017
4219
2836
406
3432
165
149
1953
1206
202
861
590
3004
5093
2071
2632
3913
3452
83
886
5079
4468
1837
3139
2603
3868
993
276
909
633
5356
4498
3768
2024
2766
1469
4172
1541
3102
55
1116
230
3121
491
2452
792
1677
3130
3165
3077
3892
577
252
3866
5000
4234
4950
4812
1384
726
1205
1852
5148
3358
1976
4614
3316
3969
3397
422
4106
658
3136
385
4710
4563
2996
745
1666
1289
398
3171
4510
1939
4947
1665
1905
3890
640
3877
4742
3363
24
1315
4286
2784
920
4802
4314
2094
4401
4029
5215
401
1207
808
3630
2230
708
2605
2836
914
4567
3960
1926
4834
1847
2949
5394
4305
4371
1946
2922
3760
4611
256
902
4331
3426
4054
1015
3600
3758
718
3552
5268
5004
1816
1482
855
544
428
304
3466
3551
5008
625
948
1279
315
1155
1764
4094
3000
497
4008
4476
2333
3994
863
2244
2183
1918
3535
3371
2058
1353
1607
2561
870
2128
3743
4256
2595
2786
3175
3370
3034
893
4213
3950
2015
1863
621
2995
1148
1769
1384
3664
5366
1438
750
919
4979
2572
1733
957
5078
1203
5194
4803
4632
4117
375
3506
4431
465
3959
5325
1254
114
3992
3253
4139
4776
3358
2483
4798
3095
550
948
3619
2049
4919
1512
4441
4752
2777
3365
2299
5349
5147
4535
1765
5087
1245
1348
1771
795
836
3966
123
2254
5193
2046
3505
3302
1091
240
744
1809
5272
1604
1047
4
9
4322
3257
4695
2508
5442
4258
4006
3039
1222
1920
3345
1278
1200
1235
4979
4218
5511
5346
2896
4380
3249
3120
140
2227
1118
3879
123
3001
1797
1193
103
1805
60
422
4603
2565
251
2479
5507
3046
1985
4547
3175
1193
3487
1407
2656
853
3407
3872
3026
15
3604
5498
2240
633
1703
3560
3238
4910
1694
2938
2143
2693
3774
4465
1446
645
1201
1443
3903
4494
3156
2871
2444
2230
1652
1496
1607
2505
2363
4906
4955
1041
3714
609
4794
4880
2664
3560
5271
3961
1997
5062
4769
3863
3322
1419
1191
590
2693
1775
1139
2811
1054
2872
3374
1942
724
2713
1728
4947
748
271
859
2118
2544
1793
1816
502
4978
4269
1906
3672
2287
854
3659
2849
5629
3319
3247
482
4784
215
5631
664
3791
5266
1265
3934
2140
1904
4278
3133
4951
396
2267
2572
959
5297
4003
3428
4596
1922
4423
1433
3004
4007
2370
3719
5393
2956
367
5134
893
4035
132
996
3425
4074
5559
4751
3553
2503
3530
919
3476
673
3539
2203
3031
4950
4184
5008
3310
4478
3336
1619
2144
3505
3432
3659
1928
5354
3061
4879
1448
973
5334
1868
2274
5084
2867
98
3579
4299
3820
1489
5589
5680
920
1277
1808
473
1849
1929
1964
906
3931
1471
1517
488
119
5499
197
3135
2865
186
1040
5523
2845
593
2398
790
5786
2672
1827
2737
3243
3800
3997
821
4013
5415
3213
2838
1062
3827
3978
1354
4669
1063
2461
3441
190
4554
2229
4264
3552
734
867
85
1107
2228
2012
758
4882
2811
1494
195
3521
2026
794
2528
5630
632
2869
768
2643
1828
2236
4821
3415
466
1858
3919
3254
4791
1689
1531
3956
1414
81
617
2028
3005
533
2653
2402
3528
3348
2297
2607
3097
852
762
37
2247
3385
618
4269
2925
3857
239
2333
767
91
2771
3897
1160
934
2577
2878
5185
510
1532
3127
4579
155
1459
2867
17
1258
5159
1889
931
5488
539
2480
1306
5790
2488
301
603
1886
2887
142
5770
1879
644
384
2186
5669
2139
222
120
352
2716
57
1440
1238
3831
3234
5467
2904
4418
1317
3132
5286
5140
877
1041
2604
2321
3613
5597
3626
1526
343
3894
3707
3598
3255
2320
5961
5316
3447
4150
693
534
600
3831
5578
5960
2313
691
4234
4129
2867
1632
3717
630
5906
4764
1936
2446
633
2911
1094
5537
5244
4375
1163
3526
324
534
1344
2776
2013
2227
607
3488
3989
4427
2642
4706
4619
5265
3990
2936
320
2385
581
1756
2868
1603
3228
232
4314
919
55
4197
2909
4318
2599
3621
4931
4625
1944
2976
4869
2704
1045
20
299
3123
3162
2375
2921
3460
5255
3064
2070
935
1226
5236
3543
4104
5378
5629
267
3669
2967
156
5312
2905
3826
3683
312
319
2872
3471
100
4057
767
1022
1625
1729
1605
3996
1668
1861
1688
713
5675
2527
1011
5516
923
830
3303
335
5640
1132
289
4546
4239
5826
4608
3648
327
4337
5483
5324
3674
1066
2583
3660
4728
2311
4344
2292
854
3441
2072
881
1765
3314
5112
1539
3913
270
2273
814
4970
899
3986
1366
4393
4462
5139
1061
3866
5836
4824
1526
3763
4168
998
3456
532
3613
596
3133
6103
4722
1800
4403
3311
4199
5115
5339
2230
2213
2908
1528
1406
5210
5461
161
3941
9
906
2251
1759
4829
105
5260
1681
259
3199
282
1333
5586
5140
3507
1376
12
3314
287
1996
570
989
4782
3113
881
3029
929
224
4707
3873
2845
5100
228
2275
215
5642
3204
5569
996
3051
3440
451
20
1684
675
737
5976
2540
1869
2780
5457
1078
2459
4477
124
6171
3792
5371
4035
1844
3530
4769
4136
2845
2230
4006
2045
1947
4762
2074
149
61
6027
4451
2866
2703
5716
3906
4495
3369
5040
3270
1597
6137
3221
47
349
2663
5164
533
3654
1208
3158
2257
450
1259
2633
4812
2378
4897
1434
2465
1805
6002
4828
4909
6170
2283
4060
1413
133
5796
1282
2997
3039
5692
4516
579
6051
1949
685
3573
3962
3487
5444
4623
2069
1236
2989
30
2115
5792
1232
3149
2738
1350
5032
3658
4985
313
725
4984
2081
3380
375
2162
3010
3915
2385
1903
3537
2872
3786
4809
1045
43
3024
953
418
4969
79
1534
6182
5014
6102
322
5526
47
1528
1977
4172
153
1192
323
2689
1365
372
5289
4354
2058
93
2034
1796
5173
2148
909
3908
6273
5373
1980
1101
4111
5122
291
812
1477
2813
4379
558
204
5550
6322
2520
564
3330
5562
5183
4243
1202
2893
5101
301
5420
6259
2909
2429
63
2040
3930
5662
5166
1704
3038
2960
3918
4464
972
3032
3244
2601
4649
1358
4715
4104
3240
1292
3968
5923
5232
1777
5847
146
4632
4529
4646
5373
1207
4721
3557
2441
5485
642
1596
3207
2484
5153
4796
5761
1868
3561
3424
2142
3900
1968
3570
4455
718
2437
4316
1381
3078
980
6342
5777
3825
624
6242
3125
3608
6138
4368
3187
4394
3257
71
2571
5265
4794
4602
1204
1648
4091
2190
4630
1751
5433
5887
4965
5117
2279
4426
2304
3294
4069
4079
2836
2670
969
5097
4759
2640
5305
4892
2270
615
969
1586
1396
2769
3326
4015
5964
5046
5579
709
5427
5137
4299
2244
2526
566
3099
3516
3910
1063
4297
2219
3278
3640
480
202
6284
1935
1088
5572
3039
4301
1071
6393
1776
5401
1394
2093
6227
1818
133
4657
3719
681
796
2746
412
5361
4507
741
3346
3420
4843
174
2892
1362
1149
4172
1245
2331
551
2398
4614
2475
6180
770
41
2830
4753
4754
5934
2993
2907
6504
4237
5182
3539
4976
5619
5765
3886
1403
2390
5271
1631
1822
3784
4911
1524
863
4306
6051
1467
1930
3354
929
1735
5222
2338
5338
2840
2517
5064
5320
4206
5443
4845
5012
6545
4147
5359
2690
3890
6020
6301
5571
4785
1880
3585
2101
488
1988
4482
248
1314
5543
1576
4142
839
5951
2224
1670
543
3629
4335
1664
1604
5380
6568
2513
3296
1870
2507
3460
602
4343
1931
2689
5425
5406
5684
317
1787
516
5775
4349
1125
5499
1856
4260
5303
4790
1952
942
1567
5910
3049
5335
1888
1486
5787
6471
4780
4983
606
2257
5698
5094
231
3511
2947
6611
3778
2236
5096
3353
1119
5905
5685
5130
5359
2522
6277
5987
5157
3180
2750
4781
2530
4701
3401
6530
786
1233
1157
5821
2787
3489
4918
1421
6021
65
5342
545
6376
4108
4285
1871
1827
5083
5671
1086
3763
2352
4306
1572
1144
6045
5312
1472
5662
6212
1411
3176
4423
2360
1571
4691
4338
1489
3646
218
3426
2029
4057
5383
5122
1669
590
2895
2270
4422
729
2598
2941
5878
957
3444
2239
2101
3583
1527
2012
4160
2163
5986
6463
2091
2075
124
4309
3113
1056
3274
5449
6268
6600
2195
2827
431
1223
172
4213
3153
5161
2747
973
1742
2185
6230
2240
2418
2416
4861
3574
4879
2164
1622
2140
4130
6719
4850
4723
4471
3360
5346
3708
4045
1848
2210
835
3158
6560
454
214
1765
4618
3215
3348
6603
6544
766
1197
5257
3631
1176
3865
5428
3636
2227
3327
3403
5758
5534
3689
5231
438
1024
237
3041
3692
2564
4447
4223
5378
3223
1289
1697
5860
1054
1753
391
185
6186
211
1411
928
1901
3998
1161
6367
1867
5695
3197
4210
4310
5424
2795
3052
989
1121
3818
126
768
29
3647
835
5932
591
6817
4995
6420
1630
3670
3933
794
5480
5622
6318
4600
3818
3761
1174
2686
2154
2311
5943
3210
5063
1042
2263
4779
2808
517
6192
1278
1909
5850
1681
6168
3995
3718
3122
4594
6780
553
6190
2607
3517
1381
2887
969
5218
367
6323
4830
6370
1073
5515
163
5431
1875
394
3816
3509
6759
4463
4211
539
6087
2804
4886
840
53
2573
3816
2771
6305
6471
1153
423
3802
559
1623
1248
5138
3018
5883
3330
324
6380
6176
4396
4926
4344
5823
6819
2429
1275
3107
2644
2602
1742
1558
6630
5076
654
6389
4414
980
2182
2386
1234
240
2216
6025
6779
5103
4630
2926
6205
1812
3994
323
2929
1772
4095
2659
2195
1016
4168
674
1327
204
6686
3216
1780
3383
5971
3957
2159
1697
549
3276
6758
745
5230
1849
2050
2389
4663
2606
3014
4085
2074
6080
5690
2409
6753
2160
3165
3793
6308
6330
3028
5131
2252
2004
181
3130
5657
4654
1934
2040
3419
2111
4399
1521
1739
6639
5328
1849
4471
695
6849
1977
5962
716
43
3766
5333
3378
6360
2923
4917
1366
6821
2443
1918
1195
1497
5867
2909
6598
4043
6277
933
4077
4079
4064
1934
401
1064
711
2923
4283
5430
4702
3317
5878
1380
4239
3818
5122
368
2351
6918
2074
1400
3070
2493
4510
2538
3819
1204
5850
2904
3390
3467
1430
5578
4476
5974
5085
2127
5235
5057
2946
6063
2183
3439
3049
2147
6822
3426
6401
6952
5064
6831
5980
4675
3299
6541
226
5938
4673
4144
4890
4596
3358
2717
1401
6257
6004
2771
1872
2895
6849
2304
4053
5682
4186
2916
2966
4313
5907
1590
2454
333
402
1579
814
4898
1324
3131
5231
3884
5530
1950
2432
5034
217
4929
4165
2230
5072
2825
2974
4998
5952
5409
2738
2460
5513
5612
846
4858
3041
1686
5098
593
4197
5452
275
3889
5400
4708
6548
1451
3425
4475
2850
433
2529
54
6598
3295
501
5969
6684
3707
3343
1211
3049
7054
3067
3427
3491
1829
6495
6729
1823
1515
2282
3638
883
4549
4119
1670
4232
1397
3906
4854
3734
1696
317
1981
1883
1698
5693
1681
1572
4539
6310
1996
4829
6807
6764
4649
5803
3756
1359
3593
1775
3199
4221
5161
4150
4876
6896
181
5155
6180
4837
695
196
1055
5042
1090
6786
5771
7023
7103
6929
575
1317
6042
910
6282
7047
2
6595
1236
7112
5093
7176
3370
2946
2966
1970
4223
6660
257
2357
1997
981
3724
3214
3610
4974
540
5490
5536
5960
6936
1608
1011
733
87
2082
4827
2879
1791
4760
1212
1276
6754
6848
465
3257
2283
181
3202
307
6725
6462
2887
366
970
6550
5769
6221
2480
4206
5088
7167
6638
5054
529
3004
1528
6919
352
572
4196
6390
6090
4762
5278
5421
6327
3809
3082
5035
26
5917
123
2234
6693
1994
5812
2523
7220
5371
5026
1632
6040
4917
4890
564
5551
5578
5513
412
4960
4318
980
3521
5956
446
3464
6750
4260
2091
4449
726
4880
1576
3808
4720
5124
5829
387
4045
5152
4640
133
7000
5350
5905
1606
6593
1912
2979
5852
4142
497
2636
4574
1122
6078
1677
6749
2309
7345
851
6036
6246
7079
2898
5333
6028
6110
7033
4928
6674
7058
6955
4653
4086
845
1611
5338
4772
677
3683
4623
4872
6463
542
6062
3180
5797
1875
4043
4236
6046
1965
3745
6071
4965
33
1762
6560
4589
2600
2968
1915
3202
186
4155
6914
2456
2105
7269
2460
1502
4504
6740
6452
3623
1247
1846
7402
966
4544
2228
6032
2753
6584
5452
1679
3117
958
7346
217
4397
1004
4265
1534
5727
1747
406
5553
4640
3472
2485
4217
7000
5718
6934
2609
4129
903
1709
2344
6635
4878
4038
5809
1346
6317
693
4804
883
636
2071
4700
5664
6975
2543
4908
4588
6501
3081
1855
5418
5530
3856
6243
7220
4072
205
2002
4683
2926
2154
3678
614
3780
1824
820
6596
548
2899
2596
5949
6103
5482
2808
1254
6708
2853
4099
1666
1514
6317
3267
359
660
196
4996
4267
4888
3256
3595
957
2757
1557
1676
5723
1763
363
3172
3612
2710
3117
5550
7
6844
478
1505
3486
7292
4140
2889
3998
907
546
6214
3144
2808
6528
6448
676
3145
4800
4968
5262
3253
1833
6252
1045
3466
5674
3325
4222
4296
4629
581
4448
2262
4120
711
5269
1905
826
1592
2817
2383
7385
5456
1493
2400
7157
2444
5326
488
1701
4394
1725
5502
5748
6129
1399
4365
1100
2028
4474
2846
4356
6550
6694
3251
7528
7167
3952
6977
6495
3224
4584
4454
2808
1302
6317
6723
3377
1208
4442
7369
2407
2493
3623
4736
2928
183
6843
6139
7572
2634
4302
7010
1514
6113
6222
7373
1358
4907
5481
7186
1736
6671
7174
144
1165
4376
3527
7399
7109
280
2290
7536
5454
2499
6505
605
5381
3839
4783
7184
7030
1249
6821
3851
5743
6203
2885
1405
1427
73
3297
1775
5083
1310
5952
7204
1856
6719
2773
1469
4139
4873
1063
2649
5673
2950
6868
1648
83
4210
2269
6283
2972
2152
3453
5418
6487
1482
1416
5980
524
48
1443
765
3693
3534
7649
3443
6541
4371
1767
1157
5596
1291
5876
2462
1174
5901
2635
5176
56
2824
7382
6846
1345
4162
4187
5195
3763
6102
2476
7238
6829
3490
240
4134
6636
216
3262
7745
1808
5276
3619
7141
5450
5223
7310
2326
6619
4671
7224
1883
2257
7560
25
352
1605
7712
6466
7033
419
2147
4613
1587
2865
4932
5981
4260
7203
5417
4176
6827
3945
1030
4256
4822
404
672
4814
4527
3243
2006
3651
1314
5850
4457
3602
2306
107
2969
2710
6417
3962
3150
5667
2385
5172
3430
5532
6843
5519
7409
7651
1377
3555
4255
4421
1324
3615
3412
4849
3143
2087
1356
5011
774
385
6588
2830
307
6179
5661
1578
2263
4317
1525
6314
3277
1792
4429
6000
6576
560
1568
2035
6910
1643
3801
7816
4339
5011
5799
5009
1613
3998
1425
7664
4477
1550
6720
4570
7482
6363
6796
5297
5884
471
4960
555
4055
3919
7356
417
6457
4986
7676
3314
2046
3887
1929
2116
4536
2810
6554
4615
6438
6693
7304
4486
6854
7454
4309
5933
5202
3629
1008
6809
7237
2102
7885
2660
660
5907
6722
5400
3274
195
5146
2400
2229
955
5669
2615
7396
2296
3754
4868
7360
6537
7368
5482
1641
3021
6790
1855
1049
5799
6115
2102
6923
3799
1473
7492
5561
531
2898
6664
961
209
4085
2435
4857
4353
5809
7091
6817
1028
1755
5925
6112
1889
5740
5232
7805
7230
4359
3380
7524
7131
2367
6450
5827
5840
3175
5860
7054
4986
740
2738
20
3151
2879
2412
2415
1335
3670
7907
4879
3707
6762
2467
1467
6737
6009
3688
4611
4887
1185
7172
7158
7105
6900
5226
3354
2815
5019
5018
2823
196
1013
2864
4494
2125
4922
3741
596
7171
2632
1729
361
3151
5847
4418
2798
1697
7646
2215
529
6608
2396
5002
7508
2057
5605
8
3832
5609
556
2078
3093
2775
1821
1649
5710
3775
5823
7055
5298
3405
3767
1557
6110
6701
7661
3477
2162
6043
7230
1507
3464
3951
7947
7688
4060
4737
6194
952
246
5843
4871
3583
3987
1878
4662
4088
1574
7080
6850
7938
6505
7900
6888
4588
4589
875
3291
2773
2040
4847
5315
6439
6960
560
3666
7684
7201
7408
3692
7025
2754
1954
2898
2263
122
1333
7484
5497
161
4825
517
1619
6166
7589
1461
6658
6590
5564
156
534
856
2395
7569
3331
7662
4821
2845
6210
6837
3295
7785
6225
5854
2975
2704
6297
5600
2562
3590
5102
2546
2126
2249
6412
222
7773
1586
7984
3649
4580
6223
1849
3574
3409
6578
3263
1918
6133
6348
4111
746
6751
4306
4506
3281
1510
6529
3293
5179
1028
1769
582
2665
1801
1025
1826
7263
4230
2064
294
361
6900
7009
8074
1396
3471
6371
6621
1626
5297
2277
6048
1360
3442
7889
4570
4170
4225
751
8061
4974
1205
7829
7798
6668
510
272
5441
4187
6725
4207
7078
4089
4532
500
4131
4792
504
2313
4739
4872
6630
4705
2326
7814
2482
297
7480
7441
7441
3139
3270
1747
1361
2129
7445
6493
5411
6285
1053
2520
1311
1491
7339
2256
7874
7497
2120
751
7222
7284
3363
4296
7923
4182
6384
2571
4260
1162
1360
7932
1823
1301
4891
4734
244
5901
7713
337
5401
7442
6376
6260
6263
1105
5000
7486
3720
2480
7691
8051
2683
6365
5675
4261
4136
6194
1160
6835
1951
6570
1036
6480
3543
6499
6674
6280
7005
6456
820
6375
2781
4788
6477
8043
619
5013
433
441
7500
1745
7761
8147
1959
3682
1191
158
3141
8308
715
3310
4758
8073
1994
5425
2875
821
871
7328
3372
2672
7396
487
2260
3099
5171
320
190
48
5737
8054
6457
2429
8176
1283
3032
2046
3864
5779
8341
3943
6057
3386
5390
7549
7707
458
348
1587
5033
6961
3674
7461
6742
7070
7275
3313
3990
5819
7512
3229
5261
7160
5166
848
5992
4468
6103
6174
3628
4299
2142
3779
2917
8011
2483
3431
7769
7070
1008
6406
424
2379
3799
4851
1065
5417
5804
4642
533
45
5953
7605
3550
5952
2211
6690
6369
1623
4044
3162
7026
8190
2780
2909
3788
1342
3855
4859
3665
5068
1199
7267
8079
3204
835
1934
5009
1851
7215
3546
5348
1447
2536
7693
4661
4121
7644
3409
3130
2184
6445
5660
4206
640
2022
3406
5849
2839
722
8056
5955
5691
5330
699
8183
1028
2457
7842
8413
4429
4492
4898
224
5801
6790
4937
7241
7565
6488
2245
714
4813
7494
7661
2079
1342
6121
1743
8322
7786
1187
2252
514
5904
5172
7038
140
4037
4591
7275
5994
4751
1335
2838
2068
6454
6036
3744
6770
734
4849
5520
2142
2448
7544
7660
6066
1936
1567
5681
3943
4127
5988
5066
4323
7334
3460
6859
7862
1726
4892
65
5677
3389
6499
8482
7540
8406
2852
3043
5818
92
7710
2393
7551
828
8381
695
6974
3287
4358
6891
6401
3527
7830
4595
1048
6619
2997
7
2000
7931
6406
6051
3740
8452
44
500
5213
761
2683
433
3195
1258
4450
3965
2931
7891
4362
5726
198
6321
6496
1703
4619
504
3261
7225
2512
4315
1755
3798
3317
2360
6001
1717
732
6884
3497
1718
3893
7011
2370
4983
3141
5470
3396
5839
3487
553
7966
5173
6773
3427
3940
3487
5142
1162
7841
4367
261
8325
2202
325
8305
2252
1438
6079
5626
4037
5422
8234
4808
7265
6024
1448
43
5396
7046
5300
3718
4183
7832
3217
1005
4184
3229
49
256
7321
1773
5838
1816
1567
2336
6149
3525
8468
6016
2040
3644
2838
7283
7970
4959
7641
5564
7493
300
5229
30
2479
7954
4387
8561
647
5123
8621
5573
3474
4754
3250
2875
6701
4805
3173
4958
4101
6109
3128
5705
360
8560
5301
1242
4825
991
4411
7592
7160
7135
6429
1087
1993
5964
5248
5761
1459
5255
6573
6487
3221
8640
6212
6117
3016
3488
4920
6353
1454
1910
7178
6655
2766
3403
1242
7805
2081
5412
5779
2827
5231
7307
5346
5983
1547
7217
3651
6019
7379
4342
6079
474
6694
6235
338
4287
4028
3756
583
5748
4479
2439
182
4388
4648
5252
4470
4683
6180
8428
3248
1451
7449
3272
4706
600
8104
875
8126
7705
6256
5600
2584
6189
7233
7073
2597
4538
1789
3179
5533
199
4073
3903
6574
6282
3340
4730
2983
6133
7011
1864
2849
1513
5134
4380
2770
3328
2813
620
7183
1109
7048
2943
5269
8550
5660
6713
6809
300
952
66
8058
4823
1942
1598
451
931
8655
7698
5916
3771
6749
1062
2854
4551
7314
3491
5619
6245
5846
5154
4474
1260
2070
852
6870
648
1517
6649
3675
7733
4147
1862
1597
4028
6259
909
1890
5332
27
3543
1507
5390
1215
3800
6282
5513
2564
3737
1629
6003
2710
3340
1566
8745
3161
3711
7282
8192
7444
680
2782
1171
7341
4989
5862
4291
2157
111
149
3548
1899
6640
4702
4851
2860
4517
441
2765
5140
8788
2205
6947
7156
7827
1781
2762
2944
8885
3428
6091
8306
928
6366
8110
7224
4465
412
4717
2837
3499
5843
8735
2045
8170
8798
2606
8331
5417
1991
7132
1000
1886
5541
4930
1903
7346
1235
7866
6668
2221
1129
5126
5495
6256
7695
7182
2630
6498
3571
6112
6080
2955
7241
470
479
7047
7233
6036
7888
4900
581
549
7230
2666
6060
651
5808
8550
80
7772
2646
1470
7626
7106
6231
6559
7660
6662
4300
1903
8841
2166
6131
8041
3113
563
519
3656
1732
8519
170
4137
8868
4204
8710
1076
3546
8960
393
406
6088
402
3880
2039
7157
1151
2421
7519
3943
551
996
4361
3293
3321
8686
4337
8409
2508
6273
5275
1092
4019
3929
4118
4804
7717
8716
2852
4170
738
8135
8811
7372
3283
5056
1682
1657
4530
3784
669
4069
3041
3750
363
2990
4544
8320
60
6645
6131
8127
1739
6544
5212
643
5990
8040
8429
3684
2089
777
5854
8066
3172
6209
8081
5354
4405
2002
6438
944
993
6553
5926
4879
8250
5177
3969
2633
6857
7184
5454
7667
1851
135
8407
244
1961
6310
71
2875
531
264
3455
96
8553
6968
534
2989
622
4945
848
5792
2656
7502
630
760
7288
7529
4029
610
2551
5779
3024
1481
5305
7043
7669
7325
7829
425
7909
6428
946
6066
3175
2261
840
2668
6588
1259
2555
5338
9069
3532
6605
1030
4616
4194
7160
984
1954
9075
4448
8540
6031
8562
5328
5903
4594
5848
3324
6959
4836
2582
779
6901
7360
7727
7842
2763
7441
277
3455
8352
7452
5695
4000
1553
1315
5430
3635
7597
6821
2655
3622
3159
7193
6945
7436
9103
8003
1624
1913
1960
929
8782
3868
7786
2951
765
3463
7279
679
6578
1810
3149
7475
7562
6721
2986
2662
5870
4603
4626
393
8178
3886
1714
2853
8531
1505
7633
124
7318
589
8193
7496
7797
6837
3995
4925
862
2488
6242
3233
8132
4269
1736
6860
2945
3165
3533
8184
8025
3019
8146
7540
9060
8890
7902
5037
6723
4028
2992
790
5730
3557
2292
5561
6885
2692
1995
5457
1751
5576
8938
1941
3976
824
8414
2763
2982
4877
842
4227
8808
5300
1182
5956
4658
6600
7106
4822
694
5399
6612
637
3765
2126
8727
5679
3433
8759
1437
6789
5568
38
7721
8712
5172
4892
7820
8963
1072
9069
4337
919
7994
2001
6428
3994
6869
6571
1966
3785
4501
4313
7032
71
2679
6409
2992
3744
6439
9290
6692
5705
2729
2502
2675
1526
4237
8474
875
8766
8946
2477
5843
3946
4067
7002
8204
7032
9134
4785
6484
5271
6622
3688
1111
591
2536
8541
1492
3457
7877
3402
3222
7447
9305
3233
8525
3478
8444
7255
2031
1669
5566
8771
8628
8302
3395
3118
8020
6304
1026
771
4413
2398
1624
8548
3009
4628
1031
7285
2292
2831
7828
2483
3627
5201
156
3984
8513
5822
426
761
7001
155
8201
3948
923
4027
7485
3149
1881
2383
1875
8813
8568
6695
1745
5038
4153
1408
8285
2626
1693
3474
6638
9291
6589
925
8810
5321
6641
5727
4072
1571
4942
7562
3150
3692
9220
9285
9301
7811
5732
67
3722
67
6316
5978
4128
1895
321
7342
5848
4084
6662
2686
5514
6959
2303
8894
1222
1193
9098
4847
477
2027
1245
437
7921
962
7990
2262
2606
8213
6293
5523
5342
1210
1049
7590
6508
8142
688
1107
1383
3215
8794
6157
1299
4131
6486
3926
5148
7932
4381
6944
2985
4040
3540
9204
2742
3477
5955
7045
2544
9004
4177
6579
8443
9130
4734
35
2880
3235
5367
5515
3897
3689
5342
8005
785
6934
6267
3997
251
2560
6412
3916
3003
5431
6415
6059
5083
1280
6130
8907
347
1587
2803
904
660
4840
3338
7925
5165
3695
5191
3182
7166
2857
365
567
6885
7205
5701
5935
5265
2762
3866
3055
4196
8079
7130
1145
1399
8747
3927
6691
9100
2569
2557
2718
8416
3621
1464
8170
166
2975
4317
3784
8933
8490
1229
8682
73
7882
7856
8976
6956
6154
6661
4969
3824
989
9552
2877
1537
3711
743
4681
3904
3784
6888
1247
9169
2197
6929
7513
3137
5779
5005
7938
7701
3535
8021
7621
3119
4643
4885
3633
1836
5121
3405
510
4560
9361
7598
4872
6940
1725
9046
4035
5280
8510
6491
2863
9029
4866
3424
1873
5209
8744
5441
5085
3278
1101
5593
5192
1592
7868
2645
1169
6323
3008
8169
5363
5659
6371
1463
6982
7320
8530
3471
8464
6472
2536
8761
4831
6411
8996
2981
2782
7203
9611
3996
1766
8654
5643
7290
72
7382
4249
2829
5880
1963
3955
6826
4881
1350
5671
6208
3487
6121
4588
2502
2773
5415
4167
1549
6160
7986
4012
2820
428
7430
8544
658
9000
6227
5875
3046
582
6405
409
7892
1448
3979
1763
2896
5404
7993
1942
1198
7960
8684
8848
6994
2323
832
4629
5495
9638
2934
4893
6381
76
3092
2412
906
1452
2643
4281
6199
9562
9507
2645
6891
4271
346
5998
5014
58
8029
7421
8317
4730
8510
1155
5416
8702
9498
1669
1710
4272
6522
6767
7098
375
7267
6209
1617
797
2760
7384
1501
5810
9672
1940
2701
6247
7125
8156
2787
2252
6334
386
8950
5887
9486
450
5397
3854
3126
3697
9456
2216
9008
2147
727
4466
4775
1208
8558
3768
7676
5748
1736
8546
7694
8972
1193
7652
8069
9682
11
5481
5001
3899
5311
253
3066
2027
893
3158
4077
9126
7445
1227
6123
2292
3353
6830
8705
9389
2999
5057
7796
1607
976
3405
767
2134
4670
8237
1527
3786
6753
8912
8550
5623
6111
4723
3336
6420
8418
5066
1611
1150
7465
4699
7833
4576
284
6697
3876
2413
1735
2836
3052
3255
8481
9526
4098
4953
9313
8937
5793
4658
3621
5215
2574
5466
2855
1359
2888
8522
2926
1500
9621
4733
1901
7455
5831
3478
1728
7246
4988
4939
4247
1641
3356
5299
2050
2236
4549
4296
7740
6456
761
4205
5843
9099
1167
9265
6412
3554
3987
4882
3927
4362
6481
8074
2818
3561
5689
6062
5143
7861
9809
2473
1724
4856
5158
4585
8088
5809
6716
7944
690
1852
5941
7490
2014
9290
6049
7710
2195
2139
1060
1000
4104
7186
6480
5008
1229
7362
9233
1342
5118
5844
9280
155
3039
2723
6418
1094
275
6059
937
5097
7047
4567
976
2313
5461
9617
9437
6011
4703
9044
7807
5647
4214
8772
8050
1954
7154
5388
7919
3698
8491
3694
4481
4893
3249
6845
9280
6246
9558
5083
9955
7736
9957
9396
329
3671
5867
5872
2786
152
5800
9576
344
3830
9977
5346
1699
1991
5191
665
4467
1639
6033
2627
5310
1426
1635
5544
7615
3264
72
1966
4938
9735
3900
